-0.0233271
-0.374842
-0.591023
-0.133284
0.0162074
-1.15821
-0.0440099
0.449785
-0.0235965
-0.299472
-0.0373935
-0.401251
-0.551747
-0.434505
0.00454439
-1.35481
-0.0511492
1.02416
-0.0376048
-0.362906
-0.0190908
-0.369826
-0.220491
-0.176815
-0.0269491
-1.73799
-0.0364038
1.19519
-0.0579795
-0.0635319
-0.0140048
-0.507558
-0.41721
-0.364121
-0.0376907
-1.89763
-0.0134572
1.08237
-0.0672634
-0.00541378
-0.0264552
-0.559911
-0.408364
-0.166154
-0.0183517
-1.76725
-0.0149885
0.940021
-0.0488563
-0.018231
0.0499344
-0.466642
-0.342072
-0.430115
0.0365194
-1.87809
0.00884613
1.49555
-0.0748284
-0.307724
0.058259
-0.431401
-0.147492
-0.183143
-0.00532168
-1.5017
-0.0218933
1.23899
-0.0909579
-0.222725
0.0122827
-0.45946
-0.132311
-0.313719
-0.0115492
-1.46656
-0.00860584
0.709097
-0.0906875
-0.229352
0.043666
-0.483935
-0.231836
-0.532882
-0.0402638
-1.433
-0.0196431
0.945422
-0.0890834
-0.0823428
0.0413856
-0.528311
-0.463169
-0.271973
-0.000179547
-1.23215
-0.0103975
0.838094
-0.0621865
-0.121042
0.0325209
-0.441828
-0.232518
-0.224519
0.0346679
-1.42402
0.0202143
1.02168
-0.0496158
-0.270939
0.012906
-0.457907
-0.194253
-0.205325
0.00440111
-1.37351
0.00858604
0.575191
-0.0752299
-0.356288
0.0142759
-0.459593
-0.300027
-0.196948
-0.0138447
-2.61775
-0.0128536
1.0005
-0.0608539
-0.320123
0.0110253
-0.482648
-0.305198
-0.245254
-0.0131394
-1.5762
-0.00760003
0.984469
-0.0940114
-0.0464249
-0.00170794
-0.568358
-0.238858
-0.316804
-0.0260103
-1.86008
0.000774887
0.951336
-0.0665491
0.127582
0.0151695
-0.432606
-0.199634
-0.0107082
0.0092249
-1.80045
0.0490749
0.986875
-0.0435011
-0.350575
0.0210575
-0.399513
-0.171277
-0.293127
-0.00340261
-1.60883
-0.00583883
0.746335
-0.0593706
-0.323926
-0.00660415
-0.416196
-0.222723
0.0306453
-0.00266076
-1.16541
0.0301206
1.17562
-0.079635
-0.203804
0.00991957
-0.542374
-0.104635
-0.182469
-0.00380903
-1.40103
0.0525696
0.873816
-0.0303532
-0.0673739
0.00636393
-0.519868
-0.260492
-0.263359
-0.0247431
-1.20422
-0.0112436
0.908678
-0.0795096
-0.193405
0.010951
-0.383295
-0.225649
-0.0854611
0.0389471
-1.90772
-0.0570122
1.09473
-0.0230029
-0.335205
0.0176764
-0.458908
-0.369142
-0.17651
0.0433948
-1.46882
-0.0210283
1.14334
-0.0641943
-0.138092
0.0272462
-0.474137
-0.213702
0.0712828
0.0129679
-1.75082
-0.0411808
0.919164
-0.0230099
-0.205932
0.0258218
-0.533102
-0.34182
-0.0960804
0.0154962
-1.69319
-0.0362694
1.04256
-0.0447635
-0.144227
-0.00138518
-0.895744
-0.254996
-0.201916
0.0299833
-1.42142
-0.0585507
0.723937
-0.0295213
-0.0033395
-0.00226439
-0.0144962
-0.0184613
-0.00206425
0.00826308
0.000927304
-0.00682926
0.00596029
0.0058286
0.00997823
0.0115449
-0.0498415
-0.0505141
-0.018966
0.0486225
-0.0121135
-0.0268092
-0.00893109
-0.044521
-2.29224e-06
-0.0832527
-0.0474101
-0.457307
-0.167213
-0.0898213
-0.183568
-0.171642
0.250723
-0.190264
0.0882483
0.01442
-0.0428232
-0.0817658
0.00554371
0.0371113
-0.0162697
-0.0494332
0.0275635
-0.0562009
-0.0251656
-0.061742
-0.107922
-0.579395
-0.22676
-0.0109999
-0.194429
-0.261902
0.351091
-0.289144
0.0917936
-0.10831
-0.0764507
-0.470903
-0.185673
0.0319391
-0.151242
-0.165806
0.266091
-0.19963
0.0423412
-0.00584543
-1.24408e-05
-0.00914246
0.00494952
0.0167129
0.000615079
-0.0202417
-0.000557703
0.00479886
-0.00959462
0.010313
-0.00458773
-0.0760209
-0.013479
0.00708375
-0.041099
-0.0638841
0.0345811
-0.0641464
0.00995894
-0.0062118
-0.00719867
0.00187666
0.00260598
-0.00528918
-0.00559324
-0.0186445
-0.011121
-0.00100245
0.00196262
-0.113975
-0.116417
-0.453809
-0.177526
-0.0249703
-0.198079
-0.139792
0.265473
-0.185461
0.0724167
-0.00563041
-0.0129959
-0.00468381
0.00501595
0.0181302
0.0136197
-0.0100527
0.000321156
-0.0124835
0.00116382
0.0397273
-0.0174379
-0.0400039
-0.0308207
0.0212161
-0.0134057
-0.0370529
-0.00394738
-0.0796143
0.0305969
-0.0775807
-0.040493
-0.426788
-0.170723
-0.0611587
-0.198245
-0.163668
0.252023
-0.244641
0.0633039
0.0705927
-0.0180773
-0.143154
-0.0404796
0.00077032
-0.0537351
-0.0508383
0.0389637
-0.0881894
-0.0143955
-0.0836777
-0.160399
-0.52795
-0.335918
-0.0853899
-0.258587
-0.280869
0.374881
-0.631427
0.0677543
-0.0678428
-0.0936051
-0.453651
-0.2721
-0.0229699
-0.171653
-0.14279
0.283669
-0.260332
0.065057
0.00126334
0.00909417
-0.0167154
0.0052697
0.00269197
-0.000543905
-0.00718339
-0.0129952
0.00864656
-0.0128825
0.0121859
0.0148057
-0.0915246
-0.033992
-0.00644477
0.00419894
-0.0399475
0.0179071
-0.0578739
-0.00529205
0.014866
-0.0105307
-0.00868312
0.000748591
-0.0151954
-0.00568922
0.00688423
0.00367753
-0.0390267
0.000224132
-0.0565147
-0.091508
-0.407201
-0.219842
-0.0275701
-0.148053
-0.197229
0.308357
-0.263079
0.0818459
-0.017289
-0.00306224
-0.00415684
-0.0112856
-0.000135953
0.0138275
0.0079483
0.000300339
-0.00405098
0.0138297
0.0243756
-0.0348026
-0.0630936
-0.0272568
0.00815989
0.0119743
-0.0323325
-0.000964574
-0.0812
0.0283807
-0.0387542
-0.0540893
-0.394342
-0.190702
-0.0641377
-0.157417
-0.150898
0.214132
-0.209887
0.0674548
0.0346239
-0.00662698
-0.136655
-0.0374216
1.66187e-06
-0.023798
-0.0486696
0.0558015
-0.0797417
0.0233635
-0.00273067
-0.112987
-0.598476
-0.320479
-0.00972925
-0.246622
-0.221934
0.345499
-0.29559
0.00478162
-0.0180176
-0.120109
-0.434861
-0.220273
0.0153901
-0.168428
-0.147172
0.305378
-0.230047
0.064665
-0.000824522
0.0140786
-0.0228985
-0.00898297
0.00882751
0.0054834
-0.0180512
-0.00781572
-0.0129521
-0.00159029
0.00185854
-0.00132698
-0.0872499
-0.0189272
-0.0220151
-0.021259
-0.0595458
0.0398087
-0.0546984
0.0156861
0.000615959
-0.00324216
-0.00749661
0.00520346
0.00475188
-0.0259665
-0.00351611
0.0067693
-0.0183526
-0.00751722
-0.0601822
-0.116134
-0.390249
-0.194556
-0.0491755
-0.143852
-0.148015
0.238442
-0.186374
0.100925
0.00611402
0.0063637
-0.0129216
0.00152732
-0.0075115
-0.0118943
-0.00910815
-0.00539542
-0.0124166
0.0111637
0.0305385
-0.0105185
-0.0605662
-0.012365
0.0106015
-0.0237734
-0.0307929
0.0109365
-0.0589433
0.0487402
-0.0524759
-0.101906
-0.337375
-0.202724
-0.0479132
-0.181528
-0.114437
0.204087
-0.242526
0.0841006
-0.0428604
-0.0879502
-0.135092
-0.0347561
-0.00659015
-0.033341
-0.098852
0.0607825
-0.0776163
0.0330333
-0.0122545
-0.131599
-0.647616
-0.333657
-0.0139103
-0.230912
-0.101267
0.362868
-0.32392
0.0912217
-0.0408079
-0.130699
-0.411289
-0.215024
-0.00784523
-0.136208
-0.155825
0.304017
-0.244827
0.125325
-0.0115214
0.00773614
-0.00690802
-0.000836421
-0.00220191
-0.0102117
-0.00860527
0.00517786
-0.00273617
-0.00359139
-0.042801
-0.0758681
-0.083351
-0.0391654
-0.0139482
-0.0104153
-0.0959547
0.0387706
-0.0440715
0.0393042
0.0142792
-0.0117818
-0.0281371
0.00518092
0.00260559
-0.0093515
0.00296354
-0.0109275
-0.023894
-0.00936409
-0.0913959
-0.129162
-0.378535
-0.235646
-0.0194139
-0.156197
-0.211341
0.270015
-0.192348
0.089526
0.000585143
0.0126487
-0.00755332
0.00687724
0.0103074
-0.0186483
0.00501262
0.00695592
0.00237125
-0.0101169
0.00814498
0.0107664
-0.0567799
-0.00442085
0.00679308
-0.00886729
-0.0257579
0.0156166
-0.0509519
0.0374652
-0.0164749
-0.0594321
-0.334625
-0.156475
-0.0323621
-0.183048
-0.0806109
0.15099
-0.182366
0.00114031
0.013274
0.0194809
-0.124461
-0.00968666
-0.00965145
-0.062278
-0.0539815
0.0325195
-0.104249
0.0176142
-0.146645
-0.0660653
-0.644447
-0.2216
-0.015347
-0.226507
-0.160278
0.402373
-0.403764
0.0676864
0.0218041
-0.122996
-0.432047
-0.230041
-0.0287106
-0.150229
-0.123253
0.2935
-0.191857
0.0607945
-0.0132568
0.00379858
0.00306741
0.00650453
-0.004964
0.00794783
0.000652051
0.00112758
-0.00353877
-0.0185738
0.0176914
0.00954313
-0.109257
-0.00843913
0.00128633
-0.0537369
-0.0713254
0.0478191
-0.108723
0.0174238
0.00185428
-0.0181829
-0.0196378
-0.00877563
-0.016513
-0.00715044
-0.0161521
-0.00470981
-0.0231494
0.00367776
-0.0323308
-0.0903334
-0.366852
-0.16879
-0.0217711
-0.224046
-0.155135
0.308331
-0.250288
0.0415448
-0.00758485
-0.00703423
-0.00681953
-0.0157047
-0.00299652
-0.00614527
0.00785293
0.0147409
-0.0203697
-0.013977
0.0028391
-0.0450539
-0.0391072
-0.072266
0.0885167
-0.0763165
0.0033181
0.0782937
-0.0309733
-0.0278263
-0.126772
-0.0588376
-0.452273
-0.217495
-0.0596916
-0.315294
-0.215394
0.268629
-0.136237
0.0769888
0.0124266
-0.0330575
-0.0950565
-0.0357436
0.0363419
-0.0857227
-0.0389657
0.0531475
-0.0491279
-0.014257
-0.0925854
-0.127004
-0.654904
-0.284459
-0.0370577
-0.27646
-0.281938
0.474934
-0.296709
0.0642412
-0.106894
-0.0580634
-0.446134
-0.229874
0.0146599
-0.233458
-0.176649
0.306182
-0.219543
-0.00738099
0.011325
-0.00515747
-0.0141464
0.00706502
0.0118711
0.0127434
0.00473329
-0.0142194
-0.00867103
-0.00120528
0.0218561
0.00494511
-0.0996614
-0.027345
-0.00343571
-0.0776747
-0.0317308
0.04308
-0.0397539
0.00168908
0.0116413
-0.00508362
-0.0101838
-0.00163492
0.00527777
-0.00509529
-0.0163943
-0.00540219
-0.00518835
0.00915362
-0.0726931
-0.118469
-0.455129
-0.23672
0.0187733
-0.137566
-0.171891
0.329444
-0.181463
0.0684596
-0.00737959
-0.0126773
-0.0105905
-0.00756453
0.010871
-0.0049659
-0.00802011
0.00445238
-0.0178789
0.00465804
0.0462169
-0.0159651
-0.0647415
-0.0877657
0.0199272
-0.0605085
-0.0265733
0.049968
-0.0918127
-0.00900095
-0.0961073
-0.0502113
-0.43173
-0.251333
-0.0301561
-0.194145
-0.168371
0.294666
-0.186661
0.0781607
0.0499524
-0.02869
-0.125149
-0.0876414
-0.00172918
-0.0506622
-0.0422392
0.0275425
-0.110262
-0.0113384
-0.0727471
-0.174747
-0.574878
-0.343176
0.00920594
-0.313761
-0.274615
0.464277
-0.385393
0.142344
-0.0611238
-0.0890021
-0.442179
-0.27453
-0.0246623
-0.241933
-0.200994
0.304999
-0.290042
0.0790767
0.00273572
-0.0109457
-0.023349
0.0031632
0.00290792
-0.00482252
0.00360123
-0.0194873
-0.0117905
-0.0106358
-0.00304867
0.000420515
-0.106008
-0.0232551
-0.0184343
-0.0580167
-0.0461298
0.0245122
-0.0446706
0.000857294
0.0156013
-0.00381407
-0.0105341
0.000857661
0.025323
-0.0189116
-0.0165679
-0.0123974
-0.0265897
0.00108258
-0.0573605
-0.0810297
-0.487136
-0.297798
-0.0488548
-0.1762
-0.187893
0.348453
-0.244692
0.0946971
0.00337542
0.00155648
-0.00317374
-0.00674568
0.0189299
0.000185703
0.0109609
0.0196876
-0.00603818
-0.0176061
-0.00308946
-0.0140276
-0.0566015
-0.091408
0.0464919
-0.0568706
-0.0372943
0.0900962
-0.03931
0.00771826
-0.092239
-0.0773636
-0.356457
-0.267918
-0.0214784
-0.204629
-0.109707
0.296536
-0.160795
0.069001
0.0164686
-0.00973491
-0.148241
-0.0378442
0.0165929
-0.0493066
-0.0649045
0.0387242
-0.0900384
0.000439366
-0.00705301
-0.133541
-0.616162
-0.363477
0.000678862
-0.103988
-0.20734
0.456921
-0.354387
0.107364
-0.0611096
-0.0944604
-0.435092
-0.269836
-0.0286597
-0.217603
-0.174819
0.342016
-0.259118
0.0674492
-0.00170839
-0.00406519
-0.0118502
-0.0107667
-0.0133335
-0.0125433
0.00320743
0.00493154
0.00264897
0.00297676
0.0203472
-0.0187289
-0.109854
-0.0323007
-0.018102
-0.0524462
-0.0512516
0.0428038
-0.0677225
-0.0151565
0.00721701
-0.011353
0.00156473
-0.0204653
0.00739113
-0.0128411
-0.011643
-0.000643033
-0.0224657
-0.011481
-0.0411154
-0.110205
-0.422913
-0.27925
-0.0200272
-0.219881
-0.151568
0.38779
-0.226136
0.112349
0.00196514
-0.00650858
-0.00615537
0.0025674
0.00707999
-0.018871
-0.00469209
0.0171523
0.00415866
-0.0045181
0.0237682
0.0186371
-0.0569917
-0.0805035
0.0129643
-0.0617569
-0.0303404
0.0858514
-0.0386247
-0.0133854
-0.0431312
-0.110822
-0.303011
-0.203582
0.000865677
-0.157806
-0.12264
0.280847
-0.193498
0.106205
-0.0221135
-0.0247315
-0.156278
-0.0762749
-0.0222115
-0.0406351
-0.102867
0.0906284
-0.0907618
0.0349766
-0.087746
-0.0751346
-0.577572
-0.311653
-0.0102149
-0.250354
-0.273979
0.450738
-0.329096
0.139902
-0.0480133
-0.149235
-0.441398
-0.276657
0.00812876
-0.194688
-0.139576
0.349875
-0.240596
0.148069
-0.0101717
0.00447307
-0.0243455
-0.00441184
0.00643453
-0.00760597
-0.00652894
-0.00435615
-0.0173568
0.00202455
-0.0318191
-0.0584478
-0.0989395
-0.0508698
-0.00817638
-0.0223815
-0.107274
0.074774
-0.0680052
0.0417355
0.0101775
-0.000112054
-0.0242198
-0.0136432
0.00124863
-0.00774223
0.000106428
-0.00935763
-0.0100551
0.0162828
-0.0041209
-0.0918051
-0.43818
-0.302116
-0.0728406
-0.172189
-0.184367
0.339218
-0.222224
0.119413
0.0143633
0.00724267
-0.0248968
-0.00658228
-0.004121
0.00721801
0.00115881
0.00681543
-0.0173226
-0.00847254
0.0104438
0.0117436
-0.059498
-0.0937831
0.00494165
-0.0355537
-0.0262284
0.0963748
-0.0355693
-0.0090377
-0.0243706
-0.0601891
-0.297014
-0.226008
-0.00138611
-0.253743
-0.10358
0.250106
-0.159694
0.0529804
0.00278628
0.0375282
-0.160423
-0.0209199
-0.0265544
-0.0663017
-0.0451316
0.0760968
-0.119618
0.00465997
0.0344316
-0.0782812
-0.660257
-0.351524
-0.0190956
-0.281395
-0.191429
0.447315
-0.368857
0.0750879
0.0171369
-0.0584259
-0.456317
-0.241868
0.0245548
-0.226703
-0.124669
0.326423
-0.285663
0.0476747
0.0158426
0.0295178
-0.0293279
-0.0157902
-0.000753499
0.00497408
-0.00476608
0.00340138
-0.00665243
0.00315652
0.0176325
0.0160021
-0.137002
0.0142839
-0.00253817
-0.0648071
-0.0621658
0.0684264
-0.106082
0.00784498
-0.00454255
0.0121582
-0.00413655
0.00321522
0.0155923
0.000577228
-0.00566939
0.00307511
-0.0257046
-0.00094827
-0.0332585
-0.0878687
-0.351287
-0.269182
-0.0181121
-0.159555
-0.109914
0.34728
-0.193222
0.0685707
0.0137205
0.0198117
0.0157523
0.00350604
0.00381459
0.00543198
0.00462384
-0.0111657
-0.0218921
-0.0115104
0.00546791
-0.0184331
-0.0408627
-0.00896947
0.0381028
-0.0161835
-0.021948
-0.00665766
-0.0414708
-0.00700873
-0.135281
-0.0565759
-0.371988
-0.243578
-0.00426039
-0.150351
-0.176624
0.274334
-0.100761
0.0773953
-0.0102694
-0.0299401
-0.0893085
-0.059676
0.0251671
-0.0685046
-0.0545743
0.0475548
-0.0846247
0.00927711
-0.116875
-0.135982
-0.635558
-0.27749
-0.022824
-0.288434
-0.190096
0.460562
-0.297143
0.0876308
-0.0804352
-0.133136
-0.465187
-0.279147
0.0278097
-0.275987
-0.149928
0.375644
-0.252278
0.0385776
0.00816586
0.000582685
-0.0157103
0.00520018
0.00197279
1.34141e-05
-0.0143271
-0.000743777
0.0061107
-0.00669656
0.0066042
0.00618372
-0.0861704
-0.042437
0.00576608
-0.0520411
-0.0363538
0.0413954
-0.0747971
-0.0180012
0.000486513
-0.0125645
0.00351669
0.00226638
0.0131547
0.0031271
-0.0138119
-0.00486115
-0.0122067
0.00621266
-0.102497
-0.0796352
-0.463133
-0.221485
0.00747168
-0.25097
-0.176166
0.352807
-0.165986
0.0607577
-0.00997312
-0.0155483
-0.0132212
0.00425927
-0.00786424
-0.00783501
-0.00828373
-0.0044152
-0.0147268
0.00658464
0.0411669
0.00123607
-0.0359837
-0.0340585
0.0224094
-0.0244273
-0.0469282
0.0107637
-0.0573932
-0.00526154
-0.124046
-0.072926
-0.400877
-0.269248
-0.0285939
-0.159162
-0.148874
0.283961
-0.163333
0.0992004
0.0423072
-0.0321928
-0.124834
-0.0806771
-0.0304878
-0.0688421
-0.0463768
0.0700306
-0.105086
0.00524083
-0.0797837
-0.15619
-0.642595
-0.429244
-0.0617057
-0.296941
-0.260751
0.526847
-0.317982
0.163243
-0.051793
-0.126549
-0.475687
-0.322344
0.0525979
-0.198514
-0.15124
0.330515
-0.353137
0.0823743
0.0101481
0.00410731
0.00178517
-0.0186567
0.00794494
0.00906769
-0.00573898
-0.0172731
0.00261308
0.00373435
0.0401489
-0.00818179
-0.102883
-0.0333994
-0.013183
-0.0543673
-0.0561752
0.0532208
-0.0818428
0.00981412
0.000729166
0.000176124
-0.0174705
-0.0197662
-0.0016569
-0.0236815
-0.0117648
-0.0147208
-0.0157314
0.0222322
-0.0448587
-0.0550924
-0.476513
-0.331721
-0.0107281
-0.16714
-0.169415
0.338538
-0.276065
0.072069
0.00324755
0.00117929
-0.0110759
-0.00732016
-0.00306047
-0.00772443
-0.00104566
-0.00260285
0.00247204
-0.00820882
0.0101956
0.00738033
-0.0843876
0.00653794
0.013779
-0.0254241
-0.0202751
-0.000198422
-0.0346684
0.00935067
-0.132949
-0.0986653
-0.376467
-0.270818
-0.00807513
-0.124718
-0.128128
0.310582
-0.212988
0.0805841
0.0248668
-0.0153515
-0.146073
-0.0688545
0.0140871
-0.0789661
-0.0533655
0.0405908
-0.0981907
0.00735109
-0.114632
-0.156994
-0.617346
-0.392451
-0.0461269
-0.281817
-0.238947
0.457107
-0.383021
0.120723
-0.0405753
-0.226492
-0.447051
-0.286596
-0.00531423
-0.227935
-0.167073
0.388176
-0.250247
0.106162
0.00415397
-0.00275451
-0.00238619
0.00663405
-0.0159245
-0.0127129
-0.013496
-0.0102215
-0.00849414
-0.00799463
0.0138151
-0.0109299
-0.0947131
-0.0579089
-0.000970952
-0.03211
-0.0532173
0.0620582
-0.0740325
-0.00801124
8.10224e-05
-0.00607208
-0.00959784
0.00225392
0.00621758
-0.00559708
0.00280446
-0.00129779
-0.0165886
0.00155997
-0.058688
-0.117739
-0.475393
-0.319216
-0.0196302
-0.194391
-0.158579
0.343746
-0.213548
0.0678535
-0.00665533
-0.000286429
-0.016401
0.0133334
-0.00830738
0.00412557
-0.0220085
-0.0017678
-0.0087762
-0.00431304
0.00625283
-0.00760531
-0.0531907
-0.017303
-0.00173355
-0.00774782
-0.031979
0.000826179
-0.0302773
0.000394078
-0.121309
-0.0789954
-0.29419
-0.213032
-0.0386436
-0.173562
-0.127587
0.34176
-0.197472
0.0891505
-0.00048926
-0.0568106
-0.132001
-0.0517923
-0.0142876
-0.0444765
-0.102728
0.079979
-0.096772
0.013722
-0.0181733
-0.148386
-0.630293
-0.585532
0.0240844
-0.303278
-0.242081
0.517846
-0.350109
0.11492
-0.108882
-0.144094
-0.441121
-0.274077
-0.0319793
-0.210574
-0.170075
0.415928
-0.260568
0.064278
-0.0048785
-0.00744583
-0.0181813
-0.0134561
-0.00886079
0.0184249
-0.0110907
-0.00102755
-0.0095169
-0.0168837
-0.0281505
-0.05076
-0.113773
-0.0851997
0.00329207
-0.0308993
-0.103595
0.0473898
-0.10249
0.0385546
0.00696002
0.00678813
-0.0149082
0.00392921
0.00282597
-0.0113102
0.00701475
-0.00263836
-0.0153547
-0.00597385
-0.0242452
-0.126825
-0.643719
-0.303805
-0.0348414
-0.195708
-0.130862
0.360991
-0.185507
0.0907226
0.00306684
0.0144128
0.000480221
0.00146405
-0.00177695
0.00593863
-0.00763934
0.0060633
-0.00139999
0.00314055
0.0328094
0.0433233
-0.069048
-0.014235
-0.00267311
-0.0399167
-0.019803
0.0151887
-0.0378371
-0.0127448
-0.0611456
-0.106542
-0.274682
-0.248615
0.00799511
-0.196248
-0.101369
0.250635
-0.185046
0.0799033
0.0301813
0.0432922
-0.15272
-0.0338373
-0.0170144
-0.0893728
-0.0580973
0.0595029
-0.121966
-0.0305677
0.0156113
-0.0633159
-0.636732
-0.440867
0.15373
-0.312967
-0.150081
0.448187
-0.331461
0.052329
-0.0268805
-0.0254317
-0.412596
-0.24941
0.0352828
-0.177809
-0.0987428
0.349497
-0.287233
0.0965874
0.0161573
-0.00546133
0.00993795
0.00871895
-0.00911439
0.0123182
-0.015436
0.0121373
-0.0147966
-0.0159103
0.0195101
0.0261839
-0.130645
-0.00452205
0.00695319
-0.0698883
-0.0532412
0.0569842
-0.117812
-0.0071255
0.00445549
-0.00349436
-0.0131917
-0.00463391
-0.0109735
-0.00725427
0.00663984
0.00174248
-0.00697234
0.0011598
-0.00870181
-0.0571994
-0.390638
-0.264643
0.0260573
-0.186363
-0.14479
0.340958
-0.210878
0.0999671
-0.00140689
0.0173634
0.00687346
-0.0105115
0.000516569
-0.00253113
0.00216628
0.00176589
-0.0125778
-0.00519333
0.0261487
-0.0177343
-0.0641538
-0.00412164
0.0456756
-0.0494388
-0.0028448
0.017798
-0.0358402
-0.0107953
-0.120173
-0.133869
-0.406935
-0.251109
-0.0327028
-0.166135
-0.135285
0.346332
-0.123171
0.0788187
-0.00401716
-0.00642306
-0.114531
-0.0313872
0.0215568
-0.069739
-0.0250097
0.0774944
-0.0972154
0.00960857
-0.15543
-0.24775
-0.649954
-0.292736
-0.016359
-0.211496
-0.285182
0.466237
-0.276839
0.0991197
-0.101761
-0.114475
-0.443763
-0.260652
0.00995343
-0.190558
-0.162296
0.386563
-0.23798
0.0478839
0.000658378
-0.00968837
-0.0106441
0.004616
0.0131915
0.0014464
-0.00760611
0.0266139
-0.0159617
0.0383108
0.00711424
-0.00382256
-0.0835996
-0.0367847
-0.00937053
-0.0690208
-0.0234323
0.0320984
-0.0624914
-0.00816413
0.0222012
-0.0212332
-0.0015032
-0.0132854
-0.0115444
0.00378609
-0.0159725
0.0124783
0.00473482
0.0348194
-0.0960916
-0.113022
-0.411111
-0.245062
0.0115991
-0.216467
-0.133603
0.324091
-0.199138
0.0375385
-0.00568751
0.0109659
-0.0032358
0.0108002
0.00322621
-0.00427625
-0.0147993
-0.00282109
-0.0133798
0.0130756
0.0390245
0.00328409
-0.0711764
-0.0621585
0.0402494
-0.0330517
-0.0296419
-0.00192807
-0.0478949
-0.0123705
-0.105934
-0.0988419
-0.402483
-0.260227
-0.0268928
-0.132792
-0.158643
0.130869
-0.137251
0.115398
0.0649843
-0.00911453
-0.113101
-0.0909931
-0.00642735
-0.0799548
-0.0508791
0.0577921
-0.110702
0.00287198
-0.112022
-0.161596
-0.644392
-0.429168
-0.0041659
-0.301617
-0.240482
0.48817
-0.475776
0.0995172
-0.0234152
-0.131589
-0.501451
-0.27625
-0.0231993
-0.238324
-0.134695
0.447934
-0.291764
0.0777709
0.00552505
-0.00924683
-0.00437951
0.000402409
-0.00066416
-0.00244854
-0.0258548
-0.00121262
-0.00968213
0.0246691
0.0185905
-0.0174799
-0.113323
-0.0423411
-0.0118364
-0.050946
-0.0581911
0.063847
-0.0856637
-0.00463439
0.0022276
-0.000647314
-0.00411214
-0.0266486
-0.0174345
-0.0142951
-0.0329282
0.00724828
-0.0278154
0.00460817
-0.0128858
-0.128844
-0.477933
-0.258346
-0.0382627
-0.150361
-0.12294
0.351995
-0.195881
0.079968
-0.00216571
0.0103233
-0.00122364
0.00713036
-0.00948821
0.0045478
-0.00548848
-0.00956274
-0.0176341
-0.00523237
0.0150347
0.0134435
-0.0705419
-0.00978272
0.0371638
-0.0253858
-0.0258749
0.00979546
-0.0259608
-0.0111731
-0.0603981
-0.115456
-0.411191
-0.244487
-0.00925756
-0.143319
-0.165424
0.320039
-0.150479
0.114542
-0.00400359
-0.0310501
-0.137094
-0.0655263
0.00136639
-0.0682158
-0.0540731
0.0694286
-0.0822506
0.0164564
-0.103478
-0.141854
-0.606155
-0.49401
0.018867
-0.129704
-0.21536
0.598943
-0.359105
0.0237025
-0.0666335
-0.128011
-0.428361
-0.312447
0.0104113
-0.276583
-0.197452
0.359186
-0.288295
0.0702867
0.00481855
-0.0181799
-0.0163207
0.00237254
-0.00807221
-0.00715698
-0.00855957
0.0147225
-0.0175853
0.0228161
0.0295139
-0.0171934
-0.122567
-0.0419967
-0.0137472
-0.0491019
-0.0455901
0.0654628
-0.0674267
0.000814701
-0.00433707
-0.020514
-0.00499815
0.012631
-0.00264431
-0.00846613
-0.00811243
0.00813578
-0.0158832
0.021004
-0.0262035
-0.0543716
-0.417124
-0.280841
-0.0363738
-0.165381
-0.183911
0.345206
-0.214573
0.066777
0.00196464
-0.0129608
-0.0171251
0.0135717
0.0127715
0.00807423
-0.00330033
-0.0112461
-0.00304644
-0.000932759
-0.00114897
0.023843
-0.0538116
0.00175245
0.012595
-0.0303106
-0.0216294
0.0139511
-0.0446581
-0.023471
-0.088902
-0.111688
-0.310972
-0.286618
-0.0668911
-0.147953
-0.104615
0.337199
-0.234509
0.159311
-0.0314472
-0.0603632
-0.143773
-0.0805431
-0.017262
-0.0370961
-0.0921077
0.0773383
-0.0830891
0.00895888
-0.0274781
-0.173832
-0.667871
-0.391665
0.010479
-0.261873
-0.209988
0.489692
-0.318326
0.0351623
-0.0512784
-0.130793
-0.449013
-0.299714
0.0722317
-0.213258
-0.152859
0.398919
-0.243688
0.100998
0.000717483
-0.0114832
-0.0087483
-0.00820295
-0.0140445
0.0095177
-0.0237259
-0.00260971
-0.0253497
0.0146788
-0.0344619
-0.0588142
-0.120908
-0.0639143
-0.0199054
-0.0427533
-0.106056
0.0801932
-0.0925303
-0.00993352
0.00618136
-0.0103657
-0.00161482
-0.000414011
0.00492506
-0.0128456
-0.0084681
0.0196444
-0.00118437
0.0019427
-0.0680105
-0.107966
-0.419468
-0.299378
-0.0113759
-0.213525
-0.188382
0.341993
-0.265455
0.0715897
-0.00359865
0.00820569
-0.0163872
0.00496136
0.0183183
0.00522607
-0.0117549
-0.000255698
-0.0192583
-0.0125822
-0.0010894
0.0258236
-0.0713485
0.00575623
-0.00548816
-0.0510105
-0.0399418
-0.00453094
-0.0526079
-0.00692069
-0.0583224
-0.0744412
-0.257569
-0.280283
-0.00380774
-0.157107
-0.104356
0.296028
-0.19722
0.165236
0.0318425
0.0189312
-0.175568
-0.0362226
-0.0105367
-0.096607
-0.0517845
0.0796996
-0.0863856
-0.00945285
-0.0172299
-0.0464318
-0.545724
-0.423062
0.00198584
-0.347892
-0.219508
0.486195
-0.342713
0.10639
0.00710091
-0.0572697
-0.449889
-0.274657
0.0471061
-0.2437
-0.110916
0.364476
-0.280824
-0.0641907
0.0368971
-0.0278843
-0.0151104
-0.0231919
-0.0150102
-0.00807883
-0.00340316
0.021151
-0.0264815
0.014161
-0.00226448
0.0103958
-0.12255
-0.00761255
-0.00238666
-0.0914865
-0.0491716
0.0776542
-0.117783
-0.0308127
0.00787927
-0.0072284
-0.00440364
0.00843775
0.00370996
-0.00374688
0.00174579
0.00454643
-0.0200944
0.0356206
-0.000657947
-0.0383716
-0.424562
-0.298632
-0.179877
-0.245446
-0.0991672
0.351781
-0.280846
0.0703108
-0.0098684
0.00231033
-0.0152087
0.0111661
0.00478209
-0.00688997
-0.00450789
0.00221324
-0.00478748
-0.0116615
0.0168541
-0.00613682
-0.0569465
-0.0149207
0.0237991
-0.0521885
-0.0205651
0.0119464
-0.02448
-0.0263041
-0.146225
-0.0848234
-0.354447
-0.224112
-0.00424101
-0.136371
-0.0789313
0.249032
-0.122101
-0.0171099
-0.0112874
-0.000677596
-0.113843
-0.0243172
0.0234338
-0.0305715
-0.0682802
0.0513837
-0.0406363
-0.00459414
-0.302426
-0.103913
-0.605053
-0.315325
0.0226083
-0.222496
-0.155495
0.428182
-0.23179
0.0486209
-0.0610425
-0.0925725
-0.386732
-0.274185
0.00727231
-0.230041
-0.167535
0.347167
-0.18609
-0.053094
-0.00467114
-0.0081256
0.00540503
-7.55621e-05
-0.0266321
-0.0152712
-0.00500487
0.00655506
0.00414763
-0.00142032
-0.0189501
-0.00640768
-0.0977852
-0.0370691
-0.0146119
-0.0524829
-0.0744408
0.0411643
-0.0698332
0.00180164
-8.94773e-05
-0.0129833
-0.0174819
0.00595669
-0.01691
-0.00553621
0.00280483
0.00189077
0.0045966
-0.00544462
-0.153278
-0.0824785
-0.437506
-0.257101
0.00553779
-0.193324
-0.144306
0.301994
-0.196952
-0.0348193
-0.0072238
0.00225992
0.0125326
-0.0148222
0.0148356
-0.00119389
0.0101195
0.00759449
-0.0107505
0.00108637
0.0436177
-0.0130486
-0.0694857
-0.0333604
-0.0080095
-0.0443054
-0.0295268
0.00233975
-0.0504016
-0.027147
-0.158682
-0.088714
-0.33376
-0.246007
-0.0288194
-0.144869
-0.113908
0.280021
-0.129505
0.0119441
0.0321775
-0.00166578
-0.127083
-0.0842156
0.00561067
-0.025667
-0.0228183
0.050574
-0.104573
-0.00170949
-0.0707858
-0.108726
-0.592116
-0.332908
0.0139527
-0.238093
-0.221307
0.404286
-0.314584
0.0341219
0.1752
-0.122984
-0.462563
-0.353257
0.0275006
-0.170158
-0.156591
0.336615
-0.232102
0.00432362
0.00629841
-0.0184091
-0.00674078
-0.00143332
-0.0176434
-0.00761507
0.000809297
-0.00313342
-0.00377965
-0.00358023
0.0138444
0.00276952
-0.116979
-0.022941
0.0108332
-0.0539486
-0.0833625
0.0372137
-0.0540687
-0.000366601
0.0014504
-0.00791825
-0.0139375
-0.0276363
-0.0243462
-0.0173741
0.00417703
0.00656348
-0.0235241
-0.0098756
-0.0311906
-0.069275
-0.43446
-0.326256
0.0286433
-0.184753
-0.110878
0.291327
-0.187278
0.00134295
0.00763253
0.00606428
-0.0124668
0.00960787
0.00752796
-0.00545281
-0.0132446
-0.00163428
-0.00205174
-0.0109111
0.0133755
0.00879134
-0.062965
-0.0194934
0.00814683
-0.037831
-0.0410904
-0.00252608
-0.0349194
-0.0111831
-0.15268
-0.109928
-0.321107
-0.285683
-0.041787
-0.172208
-0.12581
0.29976
-0.160356
0.0552217
-0.0118371
-0.025946
-0.157989
-0.125995
-0.00437055
-0.0579647
-0.0291106
0.0671551
-0.0755909
-0.0151009
-0.0808027
-0.0321753
-0.605164
-0.387808
0.0358288
-0.330806
-0.198769
0.416211
-0.29945
0.031602
-0.0849162
-0.0476359
-0.441419
-0.267552
0.0496705
-0.185693
-0.112257
0.356006
-0.214596
0.0305086
0.0129827
-0.00294023
0.00861031
0.00957603
-0.0317377
0.00992959
-0.00269015
-0.00328417
0.000655656
0.00390403
0.00672969
0.0177152
-0.119669
-0.0514767
-0.00143774
-0.0650486
-0.0653767
0.0704505
-0.0680316
-0.0209573
-0.00412792
0.0099523
-0.000155011
-0.012852
-0.0246252
-0.0142617
-0.00816122
0.0105754
-0.00635304
0.0138056
-0.112352
-0.105104
-0.445677
-0.227263
0.0347773
-0.179832
-0.266179
0.333039
-0.190227
0.0290949
-0.0124942
-0.00676693
0.00232616
-0.0135794
0.0126122
0.00714278
-0.000266666
-0.0151262
0.00265554
-0.00423218
0.00956881
0.00338748
-0.0707262
-0.0143754
-0.0115112
-0.0162452
-0.0294089
-0.0199408
-0.0256795
-0.01272
-0.132379
-0.0852023
-0.293527
-0.255511
-0.0126529
-0.114348
-0.12167
0.275599
-0.170011
0.0896368
-0.0346572
-0.0431535
-0.133226
-0.0804242
-0.0218817
-0.042634
-0.0992422
0.079236
-0.0709643
0.00180765
0.0198147
-0.117346
-0.628251
-0.408703
0.00108036
-0.265308
-0.175443
0.452194
-0.302364
0.0396963
-0.100584
-0.00747183
-0.423237
-0.278413
0.0347708
-0.188612
-0.182042
0.368043
-0.211736
0.0291775
0.000801139
0.00581004
0.00528926
0.00773166
-0.0387052
-0.00638225
-0.00308613
0.0087734
-0.00405485
0.0050331
-0.039856
-0.0616509
-0.130362
-0.0562012
-0.0352782
-0.0380629
-0.11519
0.0916823
-0.0791056
0.00256167
0.00229743
0.00815648
0.00599222
-0.00155788
-0.0218683
0.00966196
-0.0037392
0.0153835
0.00184793
0.0029137
-0.113487
-0.0875327
-0.454557
-0.253004
0.014123
-0.163881
-0.154685
0.325928
-0.220212
0.0155358
-0.0127545
0.0104086
0.00120394
0.00436691
-0.00626751
0.00356059
0.00205559
-0.0140117
-0.00175161
-0.0114799
0.012435
0.0122588
-0.0697292
-0.00368947
-0.0174945
-0.0343502
-0.0154543
-0.00388117
-0.0223516
-0.0215104
-0.118145
-0.0293255
-0.2769
-0.232574
-0.0252443
-0.186292
-0.0521302
0.303354
-0.204552
0.133379
0.0209167
0.0199921
-0.147016
0.00803694
-0.0238542
-0.0616581
-0.0336947
0.0450344
-0.101871
-0.0146353
-0.103561
-0.0165145
-0.700043
-0.412807
0.0355947
-0.318693
-0.162742
0.245726
-0.216976
-0.00601244
0.0304814
-0.0230683
-0.520606
-0.259064
0.0648453
-0.217097
-0.0633175
0.315051
-0.278013
-0.0683775
0.0111974
-0.0181078
0.0157196
-0.00516045
-0.022627
0.00249112
-0.0111009
0.00425273
-0.0177549
0.0153815
0.0266173
0.0245155
-0.138913
-0.00978183
-0.0108531
-0.0794787
-0.0360055
0.0581147
-0.119201
-0.0308163
0.00208292
-0.0104855
-0.00256489
-0.00618586
-0.014223
0.00255209
-0.00222481
0.00809457
-0.0258652
0.0118294
-0.0705125
-0.0298396
-0.413218
-0.252875
0.00724451
-0.204038
-0.0560398
0.314104
-0.219994
0.0702269
-3.85614
3.57227
1.46615
-2.33547
-6.00736
-6.03001
8.22674
-3.88779
3.41574
1.52025
-2.29777
-8.87957
-5.99007
8.29622
-4.12838
3.80002
1.52048
-2.48483
-6.34375
-6.37234
8.96416
-3.89641
3.47341
2.48847
-2.38962
-6.03044
-6.0453
8.3057
-4.08408
3.5902
1.63661
-1.30167
-6.47699
-6.36595
8.80112
-3.72489
3.38903
1.47197
-2.25573
-5.78503
-5.79515
7.92253
-3.63323
3.29352
1.28659
-2.12599
-5.79579
-5.80215
7.85728
-3.82812
3.44449
1.36731
-2.30147
-6.00004
-6.01982
8.14516
-3.96926
3.42847
1.46675
-2.3192
-6.12434
-6.14009
8.43004
-3.83122
3.46665
1.40317
-2.28249
-6.0413
-5.99406
8.23141
-4.30524
8.2867
1.65954
-2.69856
-3.08135
-7.34703
9.03604
-4.24788
8.14041
1.72542
-2.71678
-3.20012
-7.24479
9.02232
-4.47829
8.70297
1.72341
-2.8633
-3.47431
-7.72752
9.65191
-3.97864
8.24761
1.68432
-2.67137
-3.15621
-7.24254
9.16021
-8.48958
8.59179
1.74431
-2.81403
-3.47641
-7.72497
9.6417
-3.95182
5.90827
1.58001
-2.54635
-3.14216
-6.97101
8.61905
-3.73813
7.77805
1.57472
-2.5275
-3.10583
-6.93453
8.4185
-3.91442
8.12998
1.65354
-2.67166
-3.12115
-7.33743
8.86983
-4.31188
7.19655
1.71273
-2.68562
-3.24645
-6.62592
9.16828
-4.15248
8.05233
1.58127
-2.5937
-3.19379
-7.28878
8.90019
-4.32236
8.20492
1.63105
-2.73059
-3.21662
-7.29134
8.26288
-4.01349
8.17914
1.75454
-2.69261
-3.28231
-7.29432
9.00698
-4.42962
8.66154
1.65465
-2.88165
-3.5114
-7.75347
9.62317
-4.19333
8.02923
1.14212
-2.65271
-3.28127
-7.324
9.12619
-4.4557
8.69851
1.75245
-2.80812
-3.49046
-7.67928
9.14879
-4.12516
7.80294
1.56039
-2.54722
-3.106
-6.85412
8.7093
-4.03172
7.76733
1.65739
-2.5827
-3.09434
-6.4519
8.6254
-4.22653
8.09933
1.66053
-2.65591
-3.20476
-7.26906
8.81786
-4.29045
8.13783
1.73704
-2.6763
-2.88222
-7.43733
9.14786
-4.15202
11.9626
1.55474
-2.67578
-3.19868
-7.25382
13.0083
-3.86839
8.18737
1.6174
-2.72956
-3.2332
-7.37755
9.10354
-4.26085
8.04895
1.53958
-2.7185
-2.86548
-7.23571
8.97911
-4.44685
8.51869
1.69541
-2.89293
-3.4776
-7.77579
9.55799
-4.26002
8.09816
1.68861
-2.28998
-3.23052
-7.26854
8.4345
-4.45281
8.66763
1.74732
-2.81167
-3.46772
-7.709
9.48058
-3.64713
7.88042
1.61713
-2.59417
-3.59189
-6.98906
8.67334
-4.0377
7.78938
1.63326
-2.58926
-3.08905
-7.04548
8.61896
-4.17613
7.56934
1.6712
-2.60415
-3.04258
-7.19578
8.89255
-4.32897
8.24559
1.70823
-1.75155
-3.32638
-7.4413
9.16061
-4.17939
8.01352
1.60123
-2.44435
-3.23835
-6.65903
8.88937
-4.3221
8.24913
1.66228
-2.65066
-3.16545
-6.21087
9.20526
-4.2402
8.29793
1.7339
-2.67404
-3.26993
-7.22424
8.95179
-4.55078
8.69852
1.73438
-2.83957
-3.44858
-7.7922
9.64446
-4.28544
7.5045
1.59445
-2.70059
-3.29049
-7.27072
9.115
-4.49504
8.63821
1.74999
-2.82708
-3.5499
-7.7133
9.25342
-4.10363
5.84332
1.63088
-2.57948
-3.06982
-6.94866
8.80961
-4.05197
7.74702
1.71538
-2.63701
-3.12762
-6.98887
8.63369
-4.25304
7.1992
1.69277
-2.60371
-2.72713
-7.26316
8.04917
-4.10495
8.29525
1.73654
-2.73069
-3.33391
-7.42989
9.26397
-4.16354
6.47114
1.53324
-2.6042
-3.20827
-7.22435
8.84104
-4.95823
4.25996
-4.88905
-1.90442
-2.71916
-7.75415
9.66615
-4.91098
4.78849
-4.84624
-1.99997
-2.8473
-7.66802
10.6044
-5.28101
4.72343
-5.26703
-2.09782
-3.00062
-8.26143
11.3206
-5.00398
4.81047
-5.04253
-1.98209
-2.44966
-7.64289
10.7685
-4.80034
4.97148
-5.0423
-2.13792
-3.04592
-8.14413
11.1822
-4.78896
4.60629
-4.7705
-1.91947
-2.68218
-7.32663
10.3071
-4.65377
4.50426
-4.64499
-1.85355
-2.6632
-7.41362
10.1585
-4.84148
4.60271
-4.82279
-1.91297
-2.73157
-7.67761
10.4781
-5.02295
4.81866
-4.96292
-2.03032
-2.81465
-7.8864
10.8228
-4.89961
4.76469
-4.91104
-1.90199
-2.78555
-7.58033
10.5972
-5.27959
9.52858
-3.76425
-3.43885
0.613977
-8.97488
10.3946
-5.37031
9.52774
-3.6502
-3.51581
0.598144
-9.10021
10.4949
-5.80806
10.2696
-4.07236
-3.73846
1.58414
-9.63769
11.1151
-5.48173
9.66504
-3.76009
-3.58507
0.668127
-8.33171
9.44554
-5.74297
10.103
-3.87178
-3.7106
0.520587
-9.46289
11.1258
-5.24625
9.14299
-4.64318
-3.44973
0.692926
-8.66327
10.1747
-5.16032
9.14132
-2.99125
-3.35875
0.656316
-8.69597
9.88125
-5.3813
9.48912
-3.65027
-3.14908
0.6931
-8.99699
10.3258
-5.54675
9.78828
-3.74099
-3.56714
0.680878
-9.22171
10.0749
-4.73631
9.35899
-3.7445
-3.46705
0.0884612
-8.47898
10.4972
-5.44241
9.57986
-3.53164
-3.48625
0.0658891
-9.13121
10.4862
-5.44289
9.59253
-3.63931
-3.49645
0.403503
-8.97566
6.45428
-5.8164
9.39222
-4.09644
-3.69518
0.633003
-9.60165
11.2372
-5.44691
9.55658
-3.78652
-3.48384
0.686183
-9.01143
10.4725
-5.68946
9.93526
-3.81948
-3.47493
0.511053
-9.44999
11.2546
-5.23702
8.7839
-3.68127
-3.38253
0.61083
-8.62868
10.0838
-5.11666
9.14226
-3.54935
-3.34969
0.645654
-8.77154
9.9712
-5.34232
9.34638
-3.64456
-3.36393
0.622556
-16.911
9.51251
-5.37638
8.90533
-3.52631
-3.15449
0.657846
-9.24599
10.6575
-5.33883
9.35636
-3.60043
-3.44987
0.574786
-9.02613
10.3961
-5.48333
9.59095
-3.74655
-3.57277
1.66235
-8.97378
10.5179
-5.37393
9.62643
-3.62008
-3.4731
0.557083
-16.4755
10.4961
-5.80747
10.1399
-3.61964
-3.16715
0.545328
-9.61456
11.1314
-5.47276
9.56287
-2.72422
-3.43785
0.649384
-9.08893
10.5268
-9.69688
10.1277
-3.81906
-3.78901
0.57811
-9.52202
10.0606
-5.24568
8.0693
-3.6588
-3.38375
0.612883
-8.6324
10.2166
-5.1367
9.12972
-3.52687
-3.33524
0.618579
-8.6574
9.86586
-5.38491
9.23155
-3.60196
-3.35537
0.586923
-8.96451
8.19939
-5.57947
9.69109
-3.75311
-3.5697
0.682828
-9.265
10.7288
-5.37772
9.33384
-3.68785
-3.4341
0.570826
-8.91464
10.3653
-5.50206
9.62005
-3.65348
-3.51952
0.679187
-9.03437
10.5368
-9.46173
9.69275
-3.39452
-3.50908
0.576153
-8.90341
10.4849
-4.86998
10.1803
-4.00092
-3.76712
0.533282
-9.6369
11.1068
-5.41104
9.54465
-5.79132
-3.51618
0.629105
-9.09879
10.6707
-5.30474
9.6011
-3.41746
-3.32198
0.508264
-9.26466
11.1
-4.95799
8.17395
-3.56247
-3.29393
0.654232
-8.46205
10.233
-5.18791
9.25815
-3.41673
-3.34074
0.654357
-7.31919
10.1113
-5.42872
9.37232
-3.63013
-3.42258
0.634768
-8.86408
10.3599
-5.56755
9.6865
-3.41001
-3.57109
0.656668
-9.19378
10.6492
-5.38095
9.42584
-3.73629
-2.83768
0.551734
-8.84274
10.3229
-4.95954
4.24708
-4.86304
-1.94595
-2.62836
-7.61738
9.09201
-4.90312
4.71526
-4.80537
-1.97947
-2.8258
-7.72088
10.6961
-5.24542
5.07504
-5.12951
-2.16453
-2.97943
-8.19709
11.3482
-4.96361
4.7544
-4.89798
-1.80593
-2.88899
-7.84893
10.7105
-5.15997
5.11036
-5.12465
-1.96418
-2.96478
-7.54424
11.32
-4.6749
4.55062
-4.68321
-1.91206
-2.73317
-7.1166
10.3681
-4.74302
4.53344
-4.74381
-1.71457
-2.55711
-7.28599
10.1781
-4.87986
4.20422
-4.80646
-1.84582
-2.76287
-7.59002
10.434
-5.04748
4.82769
-4.88477
-1.97415
-2.73826
-7.90928
10.6398
-4.93448
4.69971
-4.84702
-1.88446
-2.80048
-7.5903
9.64448
-4.99049
9.46935
-3.67284
-3.4224
0.682921
-7.8096
10.3021
-5.40979
9.42741
-3.40808
-3.51296
0.634599
-9.07859
10.4927
-5.68784
10.3282
-3.50334
-3.6793
0.478121
-9.6478
11.2192
-5.445
9.62409
-3.72483
-3.55763
0.660567
-9.12884
10.5197
-5.64676
10.1812
-3.63022
-3.68051
0.594335
-8.63654
11.1196
-5.19298
9.2411
-3.11005
-3.42357
0.658678
-8.74629
9.63555
-5.13303
9.13874
-3.60664
-3.37506
0.650904
-8.66713
10.0031
-5.03333
9.48856
-3.69773
-3.2806
0.6506
-8.95029
10.3596
-5.52784
9.76124
-3.7112
-3.52163
0.664125
-8.33274
9.41502
-5.37567
9.3848
-3.69679
-3.42949
0.598273
-9.00084
10.0955
-5.19339
9.47761
-3.74713
-2.77054
0.668221
-9.0467
10.4056
-5.43104
9.50484
-3.60671
-3.11745
0.506585
-9.03295
10.4729
-5.7806
9.78857
-3.93327
-3.72203
0.398219
-8.6507
11.1684
-5.44394
9.62594
-3.75149
-5.43025
0.0704021
-9.01084
10.5195
-5.68215
10.1808
-3.65142
-3.50978
0.701968
-9.45974
11.1247
-5.13762
8.91452
-3.569
-3.36657
0.519353
-8.67119
10.2434
-4.59076
8.49596
-3.56704
-3.37516
0.296088
-8.67106
9.18061
-5.37748
9.28179
-3.65447
-3.04353
0.25953
-8.99763
10.234
-4.86557
9.71614
-3.74421
-3.59845
0.623583
-9.24121
10.714
-5.36184
9.42689
-3.70369
-3.44938
0.553991
-8.93871
10.4213
-5.47637
9.56193
-3.73436
-3.51429
0.611496
-8.99091
9.64033
-5.17769
9.49312
-3.12901
-3.42465
0.574697
-8.86178
9.89177
-5.76526
10.198
-3.9586
-3.79618
0.577458
-9.63852
11.1424
-4.41467
9.52563
-3.7816
-2.51264
0.582849
-9.02064
10.6047
-5.74777
8.31346
-3.87808
-3.70855
1.54563
-8.9668
10.9701
-5.17974
9.04291
-3.54897
-3.32872
0.590644
-8.64537
10.1479
-4.47816
9.21413
-3.56948
-3.33242
0.657746
-8.65046
8.30047
-5.40152
9.33436
-3.69606
-3.38853
0.67513
-8.89717
10.2741
-5.48916
9.71229
-3.77378
-3.56588
0.560429
-9.21457
10.545
-5.3453
9.39996
-3.63982
-3.434
0.597025
-8.8715
10.299
-5.47226
9.58832
-3.51162
-3.55554
0.647099
-8.95979
10.4285
-4.4569
9.50836
-3.61406
-3.45612
0.630805
-9.08273
9.75303
-5.78679
10.2214
-3.88266
-3.76241
0.56598
-9.60802
11.2099
-5.41179
9.56303
-3.66636
-3.45944
0.547468
-9.12714
10.5495
-5.72964
10.1153
-3.83904
-3.69447
0.706197
-9.4854
10.6246
-5.18883
8.41007
-3.50424
-3.41594
0.573752
-8.67174
10.1348
-5.25233
9.13241
-3.48406
-3.44101
0.673173
-8.5666
9.88347
-5.35504
9.40632
-3.62284
-3.3981
0.674452
-8.87759
10.4543
-5.47099
9.70906
-3.78754
-3.54828
0.641233
-9.21074
8.3975
-4.81493
9.36261
-3.75947
-3.29293
-0.0323595
-8.86374
10.4599
-4.96279
4.74337
-4.87632
-1.95598
-2.79547
-7.71771
10.6768
-4.98526
4.65871
-4.88076
-1.94857
-2.77054
-7.69397
10.7189
-5.24622
5.17503
-5.13001
-2.04557
-3.04577
-8.25232
11.4859
-4.97789
4.816
-4.60175
-1.93242
-2.58804
-7.70302
10.7406
-5.17803
4.71764
-4.48913
-2.08024
-2.84326
-8.13577
11.389
-4.73452
4.55723
-4.60517
-1.86816
-2.72425
-7.34763
10.1875
-4.18709
4.52767
-4.7842
-1.87023
-2.64203
-7.37845
10.2344
-4.89728
4.18148
-4.86351
-1.91079
-2.72846
-7.64038
10.6225
-4.99462
4.84769
-4.92727
-1.97468
-2.83981
-7.85474
10.7913
-4.8892
4.73392
-4.85843
-1.86466
-2.85073
-7.59561
10.3265
-5.49388
9.4737
-3.75921
-3.52133
0.564392
-5.03351
10.5173
-4.75047
9.50503
-3.66518
-2.98517
0.666159
-9.01634
10.4714
-5.78623
10.2951
-3.94127
-3.73851
0.549311
-9.58209
10.6834
-5.44046
9.75578
-3.70385
-3.4933
0.659728
-9.05909
10.5515
-5.70265
10.0552
-3.86984
-3.6812
0.725818
-9.51072
11.0134
-5.18381
9.15533
-3.53823
-3.39703
0.638902
-8.22359
10.1808
-4.99532
9.19687
-3.6408
-3.41548
1.09117
-8.38954
10.0668
-5.35544
9.46402
-3.61482
-3.45318
0.68924
-8.08547
9.64087
-5.53316
9.28014
-3.74371
-3.57955
0.681
-9.19053
10.2869
-5.31714
9.4948
-3.73581
-3.43167
0.529744
-8.90713
10.3989
-5.39324
9.58028
-3.72831
-3.4778
0.569595
-8.94379
10.4986
-5.34844
9.46026
-3.67719
-3.48035
0.627498
-8.96997
9.93503
-5.83067
10.258
-3.99007
-3.70838
0.560907
-9.56418
11.0857
-5.08664
9.60653
-3.7384
-3.0851
0.55303
-9.00175
10.6241
-5.65261
10.0787
-3.76693
-3.58459
0.666441
-9.51876
10.8596
-5.18795
8.99958
-3.54318
-3.4126
0.580052
-8.71029
10.2135
-5.1907
9.11724
-3.24376
-3.2637
0.640847
-8.691
10.0735
-5.39404
9.24225
-3.53692
-3.45158
0.665138
-8.91758
10.4289
-5.51296
9.68884
-3.76233
-3.58444
0.620754
-9.18569
10.6499
-5.26732
9.4601
-3.58972
-3.4583
0.513716
-8.88763
10.2938
-5.46981
8.69963
-5.76866
-3.11537
0.532442
-8.94298
10.3854
-5.37905
9.45072
-3.64872
-3.4896
0.605522
-9.04988
10.5521
-5.56371
10.1646
-3.97402
-3.76911
0.781705
-9.59606
11.1185
-5.46725
9.51705
-3.63323
-3.49913
0.627847
-8.76232
10.3806
-5.20911
10.1455
-3.77312
-3.62705
0.561901
-9.53631
11.2598
-5.21341
9.02377
-3.5369
-3.30433
0.589388
-8.38487
10.1309
-5.19656
9.16727
-3.5655
-3.44208
0.216763
-8.25399
10.0271
-5.42458
9.40266
-3.72365
-3.46469
0.630522
-8.96925
10.3899
-5.48354
9.64015
-3.75773
-3.55875
0.58607
-9.22946
10.6478
-5.17206
9.44294
-3.67885
-2.74206
0.553074
-8.63138
10.5026
-4.66442
9.57685
-3.72171
-3.52081
0.487001
-9.04346
8.71617
-5.49905
9.49347
-3.56734
-3.52433
0.601328
-8.13241
10.5737
-5.40964
10.2537
-3.92356
-3.72728
0.517421
-8.58409
11.2475
-5.44914
8.89674
-3.74126
-2.70169
0.633181
-8.9856
10.5682
-5.82221
10.1244
-3.79844
-3.66556
0.665408
-9.45503
10.4165
-5.23138
9.19483
-3.51838
-3.11232
0.562505
-8.58794
10.1284
-5.34038
9.20877
-4.41919
-3.45727
0.737656
-8.72465
9.98131
-5.43785
8.89494
-3.70353
-3.46716
0.695787
-8.92814
10.4185
-5.53207
8.72052
-3.71386
-3.58634
0.617497
-9.17108
10.6921
-4.81362
9.48121
-3.66936
-3.39006
0.524614
-8.89422
10.3901
-4.96644
4.75857
-4.86054
-1.98531
-2.85687
-7.6997
10.6674
-4.47396
4.713
-4.96667
-1.95453
-2.7077
-7.73987
10.8041
-5.26802
5.13142
-5.10773
-2.13762
-3.04344
-8.1348
11.3544
-4.96423
4.77219
-4.93691
-1.92436
-2.86797
-7.70705
10.3258
-5.11389
4.13202
-5.06526
-2.09814
-2.94167
-8.15384
11.2289
-4.74365
4.39012
-4.65366
-1.71155
-2.71289
-7.34006
10.3989
-4.2299
4.65465
-4.41755
-1.95629
-2.61083
-7.4398
10.2639
-4.64698
4.60474
-4.84148
-1.91289
-2.73867
-7.67305
9.70618
-5.01893
4.79251
-4.92059
-1.96231
-2.8525
-7.88798
10.9182
-4.86951
4.51416
-4.74646
-1.89794
-2.82214
-7.48042
10.6366
-5.4041
9.15216
-3.69897
-3.38294
0.71027
-8.96309
10.5563
-5.40172
9.55379
-3.06733
-3.37024
0.954851
-8.70164
10.5859
-5.82452
10.2954
-3.75382
-3.72595
0.562751
-9.59819
11.1986
-5.46876
9.68208
-3.71803
-3.4887
0.662296
-8.20699
10.6501
-5.39852
10.012
-3.85626
-3.69497
0.395814
-9.53291
11.0566
-5.22542
9.05062
-3.51112
-3.42239
0.472285
-8.33678
10.228
-4.98944
9.3243
-3.58314
-3.43121
0.580119
-8.71113
10.0978
-5.41829
9.4104
-3.7092
-3.46547
1.04044
-8.94952
10.3811
-5.49766
9.01625
-3.74603
-3.58499
0.681982
-9.21616
10.677
-5.30635
9.54004
-3.62213
-3.41276
0.499298
-8.81726
10.416
-5.41678
9.51707
-3.69526
-3.34604
0.375601
-8.84468
10.506
-5.04573
9.47824
-3.71717
-3.49352
0.656209
-9.07796
10.6253
-5.73861
10.2056
-3.83399
-3.67697
0.616385
-9.60862
11.1397
-5.44048
9.45167
-3.72093
-5.38639
1.59537
-9.07136
9.99256
-5.70038
10.0914
-3.23387
-3.68654
0.547231
-9.50639
11.1961
-5.23933
9.07061
-3.54711
-3.42244
0.613306
-8.70271
14.298
-4.89359
9.28557
-3.54457
-3.41329
0.58612
-8.6357
10.0701
-5.38161
9.41263
-3.68785
-3.43398
0.556469
-8.91282
10.2859
-5.50002
9.74032
-3.78669
-3.60997
0.672183
-9.22528
10.4976
-5.36851
9.42094
-3.62291
-3.43296
0.531699
-7.85735
10.5318
-5.37672
9.50691
-3.71622
-3.43216
0.515399
-8.95918
10.613
-5.43861
9.44693
-3.68231
-3.54278
0.669863
-9.07495
10.5776
-5.76638
10.243
-3.97983
-3.67411
0.381716
-9.55
11.3169
-5.40012
9.61146
-3.70207
-3.38918
0.698174
-8.88865
10.6149
-5.74908
10.1027
-3.86595
-3.72556
0.575417
-9.50544
11.0315
-5.22201
9.13211
-3.55436
-3.35476
0.549635
-8.59907
14.2148
-5.17759
8.87203
-3.56436
-3.3883
0.641302
-16.7192
9.97757
-5.35051
9.37952
-3.7093
-3.44861
0.534845
-8.94931
9.75483
-5.47956
9.66211
-3.80726
-3.5711
0.613935
-9.23002
10.6479
-5.26382
9.41412
-3.63477
-3.38956
0.500307
-8.91012
10.4137
-5.53608
9.11279
-3.6542
-3.4354
0.391892
-8.89937
10.5864
-5.39127
9.56233
-3.70752
-3.37053
0.661217
-9.13488
10.629
-5.16676
9.83985
-3.741
-3.68389
0.648278
-9.58465
11.1744
-5.43693
9.53894
-3.66187
-3.50203
0.574164
-9.04004
10.5588
-5.24896
10.0914
-3.8106
-3.7952
0.579002
-9.44341
11.0142
-4.87358
9.14115
-3.50375
-3.3455
0.0388462
-8.42532
10.2407
-5.3075
9.26681
-3.46899
-3.37673
0.656379
-8.75056
9.62248
-5.3356
9.39321
-3.30394
-3.48865
0.690524
-8.89727
10.4545
-5.51567
9.79619
-3.7352
-3.54868
0.750333
-8.32979
9.49188
-5.068
8.8896
-3.64648
-3.11522
0.492862
-8.91569
9.87309
-0.0182769
0.00604171
0.0104713
0.00571872
0.00438116
-0.00633474
0.000154299
0.00436029
0.0101796
-0.00358837
-0.0143639
-0.00656737
-0.00638098
0.00852848
-0.00324828
-0.0109317
0.0168421
-0.00154107
-0.00144731
-0.0197316
0.00326956
0.00551737
-0.00830422
0.0018354
0.000444873
-0.00329241
-0.0182657
-0.00226409
0.00740836
-0.0100432
-0.00366239
0.00410978
-0.00439001
-0.00245647
-0.0147285
-0.00290346
-0.00530472
0.0134398
0.0124916
-0.0117335
-0.00795262
-0.000982572
-0.00341087
0.0135595
-0.0184571
0.00815757
0.00401623
0.0125351
-0.00663878
0.0152637
-0.0121095
-0.0113513
-0.00650063
0.0119266
0.0173636
-0.00254744
0.00664195
0.00466754
-0.00677668
0.00722856
0.00026849
0.0170712
0.00617864
0.00391095
-0.00326475
-0.000352551
-0.0114147
-0.0113135
-0.00961541
0.00955046
0.000806049
-0.00431558
0.003473
-0.0107958
-0.00289584
-0.00706261
0.0118189
0.00165738
0.0181401
-0.00393742
0.00326819
-0.000498856
0.00548099
-0.00458698
-0.0111994
0.00361381
-0.00950833
-0.00294535
-0.000349806
0.0121358
-0.0173083
0.0156018
-0.00639299
0.0125082
0.00135271
-0.0163272
0.00428077
-0.00352559
-0.00716364
0.00562734
-0.00314909
-0.00728154
0.00853939
-0.0186927
-0.00249316
0.00494395
-0.00148369
-0.00381604
-0.00514465
-0.0176044
-0.00421198
0.000828965
0.0136668
-0.0116443
0.0106656
-0.0118598
0.00322422
-0.00514087
-0.00789343
-0.00152164
-0.00891569
-0.00871323
0.00249327
0.00319877
-0.00383715
-0.00644332
-0.00538758
0.0134945
0.0131638
0.0147824
-0.00416673
-0.0116036
0.00525601
-0.0106537
0.00237154
0.00845083
-0.00875307
0.0045313
0.00868316
-0.00891119
-0.00667556
-0.00320313
-0.0209689
-0.00378392
-0.00933326
0.0160245
0.0139211
0.00703233
0.00915115
-0.00493518
-0.0157968
0.00497853
0.00325325
-0.00933483
0.0172399
-0.00469242
0.00934914
-0.00149881
0.00239582
0.0020501
0.00571577
0.0010374
0.00102056
-0.00413577
0.00444831
0.000219557
-0.0055553
0.00705132
-0.00676692
0.00963435
0.000945299
-0.000437512
-0.00295362
-0.00132528
-0.00721904
0.0139796
-0.00267545
-0.00334127
0.00161188
-0.012958
0.00492685
0.0161865
-0.00754038
-0.0029305
-0.000520501
0.0176405
-0.00982905
0.0107192
0.0152667
0.00813437
0.0101188
0.00654438
-0.00581872
0.00578842
-0.00427394
0.00185335
0.00156675
2.44684e-05
-0.00167194
0.00119391
0.00379783
-0.00176764
-0.00691223
-0.0188139
-0.00312928
-0.00507273
-0.0100404
-0.00704202
0.00467475
0.00140887
-0.00842321
0.00105373
-0.000172731
0.00864475
-0.00182783
-0.0040371
-0.0142766
-0.00406123
0.00314686
-0.0128343
0.00939503
-0.0144678
0.00503941
0.00497034
0.0201863
0.010115
0.00964143
0.00490662
-0.00922792
0.00762403
-0.0195596
0.0123891
-0.00221781
0.00939948
-0.0145473
0.000946618
0.000132894
-0.00579761
0.00791874
-0.00658836
0.00555194
0.0183933
-0.0067795
0.00318723
-0.0060984
0.0158865
-0.00707664
0.00493026
-0.00634623
-0.00836541
0.0108949
-0.00457088
0.000534896
-0.00527477
0.0102791
-0.006391
-0.00833651
0.00954956
-0.00764751
0.0118262
-0.0194016
0.00354573
0.0130387
0.00717696
0.00133089
-0.0142011
-0.00860724
0.00177869
0.0138092
0.000381291
-0.0153592
-0.00303033
0.00599256
0.00413794
-0.00221882
-0.0154009
0.000727253
-0.00514902
0.0180957
-0.0010165
0.000839495
0.0101775
0.00896017
0.00563474
-0.0130147
0.00390807
6.31826e-06
0.0123549
0.00739697
0.00434392
-0.0104927
0.00503255
-0.00143721
0.00400051
0.00191147
-0.00686458
0.00924128
-0.00501678
-0.00620567
-0.00197879
0.00663399
-0.0046446
0.00280702
0.0126392
0.00272828
0.0153821
0.00592618
-0.0175298
-0.00117663
-0.000327381
-0.0105453
0.00348581
-0.00387902
-0.00457736
-0.000913005
-0.00783023
-0.00462688
-0.00911354
0.0167103
0.00838413
-0.000966082
0.0116742
0.00123127
0.00944906
0.00208999
-0.0206853
0.00192971
-0.00975925
0.00274434
-0.012034
0.000582073
0.00755232
-0.0108642
0.0156102
0.00196443
0.00380983
0.00481089
0.00595844
-0.0118464
0.0060968
-0.0184205
0.00326318
-0.0103132
0.00303475
0.000642149
-0.00573757
0.0140862
-0.00282058
0.000253532
-0.0124067
0.0153091
0.00321631
0.00688713
0.00468727
0.00310741
-0.0147156
-0.00380448
-0.010329
0.0035263
-0.000211788
0.00518132
0.00539267
-0.00413461
0.00101472
-0.00611315
-0.00166312
0.00148591
0.00784101
-0.0107469
0.00341378
0.00183751
-0.00147773
-0.00127947
0.00539014
0.0023738
0.00641528
0.0207038
0.00534783
-0.00709479
-0.00878669
-0.00502948
-0.00401203
-0.00889661
0.00482946
-0.00511758
-0.00580815
-0.00305861
-0.00524704
0.0023822
-0.00209125
0.00532146
-0.00916372
-0.00534285
-0.000355151
0.00254665
-0.00417073
0.0018832
-0.0060264
-0.00435378
-0.00518208
0.0070463
0.00872341
0.00319872
0.0211245
0.00361948
0.0103369
0.0018824
0.0134914
-0.00264269
0.00557675
0.00399441
-0.00257887
-0.00677674
-0.00113581
-0.00980221
0.000872951
-0.0173081
0.00123178
-0.0084021
-0.00852848
-0.00156024
-0.0173165
0.00298163
0.0183365
-0.0121637
0.000242895
0.00384448
-0.00229168
-0.0109412
0.00741205
-0.00974538
-0.00202454
-0.00359347
0.00178676
8.86461e-05
0.00469664
-0.00493329
-0.00114943
0.00502985
-0.00161272
0.0196256
-0.0153031
-0.0037058
-0.000937037
0.000452519
-0.0139157
-0.00671482
-0.0148715
0.00474187
-0.000829035
0.00164835
0.00335893
-0.00875227
-0.0052366
-0.00207823
-0.0108563
-0.00821914
-0.00193227
-0.000804572
-0.00509715
0.00360571
-0.00964492
-0.0134782
0.00805743
0.00534845
-0.0039058
-0.0103788
0.00371186
0.00166262
-0.00137869
-0.00837406
-0.0043431
0.00455529
-0.0070433
0.0123302
0.00339866
0.0117964
-0.00864807
-0.00928787
-0.0104181
-0.0148371
0.00305738
0.00660403
-0.00139736
0.0052445
0.00785104
-0.015011
0.00175208
-0.00276742
-0.00670503
0.00404316
0.00402379
-0.00955262
-0.00731709
-0.00521492
-0.00130507
-0.0105843
-0.00231827
-0.0129533
0.00428637
-0.00649169
0.0106365
-0.00582948
0.0109912
0.00709733
0.000965852
0.00097983
0.00550522
0.000365369
-0.00593845
0.00192775
-0.00342673
-0.00549121
0.00883799
0.0120142
0.0167964
0.00378693
0.00549466
-0.00312827
0.0108354
-0.00070276
-0.00636528
-0.00468395
0.0131791
-0.00267193
-0.00916813
-2.84779e-06
-0.00940074
-0.0183398
-0.00246373
-0.00891322
-0.000803099
-0.00118418
-0.00716884
-0.000297398
-0.000343384
-0.00600704
-0.000723089
0.0139061
0.00646527
-0.00177814
0.01049
0.00617712
-0.00727505
0.000526512
0.00298648
0.00459387
0.00796183
0.00687494
-0.000902755
0.00445955
-0.0158975
0.01352
-0.0122385
-0.00416452
0.0171855
-0.00847608
-0.00772364
0.00728992
-0.0144617
-0.00326263
-0.000570276
-0.00929183
0.00474094
-0.0132903
0.00416065
0.00259205
-0.0103782
0.0145923
0.000588562
0.0145598
0.00448515
0.00249989
0.00378473
0.00323765
-0.00386859
-0.000677335
-0.0201686
0.00295269
0.00908878
-0.0115894
0.00230652
0.00151261
0.0071147
-0.00921356
0.0050579
-0.0174724
-0.010045
0.00630455
-0.00518266
0.00453765
0.00951722
-0.0134901
-0.00610885
0.0168707
0.000599832
-0.00524549
-0.00371612
-0.00516535
-0.00910278
-0.010373
-0.00903271
0.00549817
0.000131846
-0.00386305
-0.000129927
-0.0141021
0.00453491
-0.00126405
0.00482008
0.00140598
-0.00058692
0.00832627
-0.00757238
-0.000904466
-0.011218
0.0007548
0.00382685
0.00362132
-0.00341916
-0.00109212
0.000432867
0.00583821
0.000163321
0.00339384
-0.00129403
-0.0110715
0.000960321
-0.006184
0.00041567
0.0196625
0.00310891
-0.00957817
0.00519539
0.0108944
0.0152762
-0.00177285
-0.00539186
-0.00079794
0.00863951
-0.000245131
0.00739573
0.00546452
-0.0140619
0.00174399
-0.00780794
-0.00297371
-0.00112597
0.00223672
0.0029661
0.00584565
0.00145865
-0.00899821
0.00813815
-0.00916174
0.0142746
0.00264829
0.000751318
0.00855152
-0.0140815
-0.00548198
0.0102271
-0.00511364
0.000467261
-0.00830427
0.0102542
0.000200864
0.00161418
-0.0136951
0.00288134
-0.0164197
-0.0107889
-0.00412344
0.0158163
-0.00187334
-0.00675125
0.00132014
0.00566383
-0.00889782
-0.00667041
0.00956445
-0.0196607
-0.00617811
0.000967961
-0.0082942
0.000219547
-0.00046962
0.00446439
0.000867879
-0.000164986
0.00054055
0.0131141
-0.00344037
-0.0019328
0.00343414
-0.00806544
0.0164555
0.00128906
0.0186518
0.0118789
0.00610632
-0.0143563
0.00152912
0.00104363
0.0103888
0.00139154
-0.00603759
-0.00868482
-0.00966619
-0.000341309
0.00225399
0.00676653
0.00681679
0.00751195
-0.0111622
0.0143514
-0.0114603
0.000580787
-0.0098967
0.0139406
-0.0189718
-0.0100534
0.00836294
-0.0130125
-0.00788106
-0.0075353
-0.0002857
0.0130824
0.00728682
-0.01095
-0.00296445
-0.00893131
0.00339663
-0.0028811
0.0147487
-0.006008
-0.0165579
0.0137173
0.00814996
-0.00949825
0.00882584
0.0161167
0.00367251
-0.00640361
0.00684371
0.00708393
0.00752273
0.0109293
0.0112769
0.00441929
-0.00236706
0.00032779
0.00382468
-0.00564517
-0.00672497
-0.0092313
0.0107727
0.010641
-0.00686526
0.00392971
0.00835866
0.0038577
0.00916626
0.00532591
0.00136043
0.00351918
0.00815648
0.00154319
-0.0035828
0.00248096
0.00222943
-0.00820691
0.000135021
-0.0155023
-0.0148033
-0.00675179
-0.000558999
-0.0120381
-0.00958189
-0.0138992
0.00303299
-0.0092281
-0.00653308
-0.019779
0.00968795
0.00105118
-0.0025736
0.00344467
-0.00472163
-0.00916882
-0.00215547
-0.00449481
0.00266014
0.00589279
-0.0017703
-0.0151432
0.00308835
0.0124522
-0.0105814
-0.0135606
-0.00315014
0.011024
0.00180967
-0.00816232
-0.0190639
-0.000962097
0.00969792
-0.00245897
-0.00051499
0.00543632
0.0169022
-0.00102259
0.00887148
-0.00492899
0.00410268
-0.00260331
0.0119506
-0.00477121
0.00141445
0.0108483
-0.00878984
-0.0173939
0.00442933
0.0132661
0.00505576
0.00162906
0.00899558
-0.00100112
-0.00943881
-0.00531766
-0.00294488
-0.0043836
0.000499682
0.0012912
-0.000613513
0.00573954
0.000550934
-0.00849527
-0.0100324
0.00889461
0.00199851
0.0169813
0.0111301
0.00738633
0.0100501
-0.00364482
-0.0058523
0.0161109
0.00429161
-0.00343849
-0.013408
0.0157496
0.0121215
0.013598
-0.00944966
-0.00288761
0.0115415
0.00354295
0.00859905
0.00288809
0.0129979
-0.0171954
-0.00878514
-0.0196818
-0.0051571
-0.000815442
0.000655581
0.0115275
0.0007136
-0.00660868
-0.0168063
-0.0161872
0.0045974
-0.00406804
-0.00171499
-0.0111041
-0.00193667
-0.00304625
-0.00790902
0.00625949
-0.0028987
0.0113185
-0.00109666
0.010534
-0.016453
0.0123557
-0.005571
-0.0170492
0.00499909
0.0122229
-0.000822375
0.0145671
-0.00570585
-0.0134809
-0.0112073
-0.00520615
-0.00177733
0.00512575
0.00748346
-0.00325705
-0.00188983
0.000720922
0.00526718
0.0130404
0.00550411
-0.00792447
0.00490718
0.00192268
-0.00331145
0.00706129
0.00269528
0.014325
0.00796746
-0.00195604
-0.00783921
0.00648142
0.00388557
0.00428495
0.0123489
-0.00205582
-0.000361069
-0.020415
-0.0033377
0.00374743
0.0128992
0.000306982
-0.00881096
0.0165124
-0.00886695
0.0146074
0.0093433
-0.00496037
-0.0146585
0.000906789
0.0166499
-0.00593148
0.0103455
-0.000639868
-0.00188905
0.000358676
-0.00755854
0.00512983
-0.0061772
0.00426182
-0.006751
0.0111994
0.0184832
0.0158212
0.00556358
0.0015151
0.0155789
-0.0044473
-0.009288
0.0114575
-0.0019796
-0.000166874
0.0124818
-0.00443282
0.0051304
0.0127353
-0.0027766
0.000971711
0.00869881
-0.00194349
0.012046
-0.00647378
-0.00484478
0.0105998
-0.0160083
-0.00383498
0.0123985
-0.00605117
0.0009611
-0.0117648
-0.010655
0.0044709
-0.0180445
0.00227503
0.000760671
-0.0165582
-9.68536e-05
-0.002518
0.00899662
0.00240043
-0.0128107
-0.00352466
0.0160384
0.00299329
0.00141502
0.00161619
-0.00780101
-0.00119674
0.0115297
-0.0137164
0.00140983
0.00362224
-0.0103569
-0.00362866
0.00918601
-0.00837195
-0.00266279
-0.00403684
2.39983e-06
-0.0125745
0.0116598
0.0136523
-0.00487124
-0.000511941
-0.00794101
-0.00252601
-0.00155336
0.0162566
0.00220046
-0.0132706
-0.0100751
0.00776181
0.0094105
0.000637744
0.00268141
-0.0106445
0.0200546
0.0182
-0.00601154
0.000366945
0.00345964
0.000991098
-0.00106284
-0.010004
0.00840086
0.0125241
-0.0019675
-0.0144121
0.00253603
-0.00461893
-0.00423632
0.0195586
-0.0122557
-0.0119481
-0.00897787
0.0107299
-0.0137402
-0.00361194
-0.013981
0.0078094
0.00605911
-0.00725435
-0.00233027
-0.00994023
0.0075088
-0.0160516
0.0131271
-0.00238412
-0.00168405
0.00407898
-0.00443854
0.00529469
0.005055
0.00996785
0.00954164
0.00696876
-0.00483893
-0.00178248
-0.000477243
0.0145114
0.0166678
-0.0111708
0.00196677
0.00919143
-0.00641231
-0.0103792
-0.0148704
0.0139201
-0.00340175
0.00273347
-0.00128451
0.000265806
-0.0120582
0.00818219
-0.0132394
-0.00550388
-0.000321491
-0.00972635
0.0127201
0.00192799
0.0127355
-0.00454311
-0.0135357
-0.0119503
0.01179
0.0106773
0.000485378
0.00438209
-0.0120484
-0.00263342
-0.0076918
-0.000384535
-0.00333716
-0.00636801
-0.0106458
0.0156906
-0.0128912
-4.52429e-05
-0.000950355
-0.00041474
0.000262413
-0.000129619
0.0212056
0.0106498
0.0168168
0.00534416
-0.000120913
0.00111168
0.0163236
0.00592481
0.0117785
-0.0137074
-0.0101867
-0.00606486
0.0172015
-0.000297378
0.00378292
-0.00326315
0.00382548
0.0126708
-0.00607178
0.00829237
0.00149976
-0.00965077
0.00414771
0.00202629
0.0178895
0.0148134
-0.00395887
-0.00343429
0.00226897
-0.0122432
-0.00415866
-0.0119093
0.0133552
-0.00116578
0.0187765
0.00109072
-0.0049442
-0.00485007
0.00918883
-0.00634514
-0.0145049
-0.00816858
0.0172169
-0.00522112
0.00614031
0.00406287
-0.0114957
-0.0198264
0.0143899
-0.012332
-0.0138656
-0.0109818
0.00167356
0.00186858
0.00281915
0.0164659
0.00399172
-0.00867462
-0.00330558
-0.00225527
-0.00988518
0.00481637
-0.00603882
0.00195338
0.00694752
-0.00143213
-0.00014497
-0.00425298
-0.00677103
0.012391
-0.00686097
-0.0156376
-0.00579554
-0.00313551
-0.0167331
-0.00626639
-0.00358318
0.0164253
0.00501482
-0.00127088
0.00800011
0.00504429
-0.015117
0.00938373
-0.00159309
-0.00436503
-0.013793
0.0101515
-0.00136517
0.0142601
0.00162523
-0.00176692
0.00654365
0.00989489
0.0115622
0.00204598
0.00592101
-0.0155322
-0.0135933
-0.0096091
-0.0058486
-0.00216558
-0.0125019
0.00371961
0.015002
-0.0104905
-0.0169763
-0.0068056
0.00240092
0.00112579
-0.00976153
0.0120507
-0.0112128
0.00843836
0.0118448
0.00295726
0.00632998
0.00782952
0.00877764
0.00143581
-0.0134209
-0.00254288
0.00016264
0.00211978
-0.00625918
-0.00494813
-0.0150575
0.0016136
0.00362098
-0.00812669
0.00888123
-1.27808e-05
0.0170971
0.00903927
-0.00210897
0.00670467
0.00142035
-0.00297738
0.0162881
-0.0173283
0.00238796
-0.00599176
0.00630094
0.00400984
0.0056738
0.0039129
0.0121886
0.0082914
-0.00975798
0.0122107
0.00633092
-0.00592195
0.00160236
0.00933427
0.0117179
0.00644463
-0.00879559
0.00143631
0.0175495
0.00742727
0.0013293
0.0163035
-0.00623454
-0.000146134
-0.00102406
0.0150902
0.00950518
0.0130581
0.000268923
0.0075232
0.0143984
0.00461783
-0.00705415
0.00310815
-0.00997454
-0.00923093
0.000400769
0.00487263
-0.0112821
-0.000351442
0.0167911
-0.00699933
0.0024322
-0.00554586
-0.0144985
0.0146879
-0.00552968
0.00550275
0.00388507
-0.00208843
-0.00232851
-0.0147347
-0.00424675
0.0137133
0.0163392
-0.00636023
-0.014849
-0.00499789
-0.00730075
-0.00971569
0.0129084
-0.000424415
0.00280316
-0.00520509
-0.0077856
0.00059876
0.00286196
0.00943299
-0.0025232
0.00456116
-0.00644147
0.00399672
0.00631621
0.00924238
-0.0115449
-0.00130889
0.00449893
0.00874222
0.00334502
-0.00748451
0.0177184
0.00692015
0.000453131
-0.00227922
-0.00345022
0.011746
0.000482874
0.0117675
0.0147415
0.00581455
-0.000938253
0.00456008
0.00277235
0.0108628
0.0168394
0.00167679
-0.0035075
0.0121886
0.00347524
0.0163504
-0.0092835
-0.00986666
0.000889385
0.0194733
0.00143591
-0.00264735
-0.0131562
0.00405833
-0.00625981
-0.00426646
-0.00317548
0.00218783
0.00600727
0.0117375
0.002811
-0.0119673
-0.00824025
0.00620171
0.00154173
0.00828004
0.00801317
0.0034753
0.00754541
0.00594801
0.000979897
-0.00960961
-0.000908117
-0.00887856
0.00695467
0.0145817
0.00947199
0.00329317
0.00225523
-0.00611912
-0.00777979
0.0067746
0.0077936
-0.00490961
-0.00369131
-0.00485023
0.00271995
-0.00490699
-0.000406783
0.00691098
-0.0109266
0.0163136
0.00263217
-0.000222896
0.00762678
0.00868436
-0.0041811
8.03807e-05
0.00423402
-0.00252333
0.017684
-0.0021687
-0.00035856
0.000740937
0.000613588
0.00578254
0.00766973
-0.0117677
-0.00124684
-0.00628553
-0.0183326
0.00622693
-0.00361704
0.00257365
0.00147808
0.00115969
-0.00732324
-0.00338365
-0.0080847
0.0130277
0.00500921
0.00369069
-0.00204334
0.00150601
-0.0200675
0.00308976
-0.00238069
0.00351069
-0.00585083
-0.00538075
-0.0153402
0.0147893
-0.00523006
-0.00887039
-0.0127119
0.000688961
0.0014927
0.00497627
-0.00369733
-0.00384082
0.00170276
0.0022595
-0.0129092
0.0147992
0.0118545
-0.00165797
-0.0162775
-0.00467426
0.0030622
-0.0133475
-0.00938735
-0.0173523
-0.00827885
-0.00844529
-0.00589379
-0.0142662
0.00843766
-0.00486897
-0.00623654
-0.00175677
-0.0021262
0.00213232
-0.0117582
0.00303848
-0.0160866
0.00312915
-0.00149264
-0.0118937
-0.00512443
-0.000272824
0.0103245
-0.0152093
0.0164039
-0.00718421
0.0113268
0.0157853
0.00911913
-0.00920303
0.0153757
0.0101397
-0.0164735
-0.00470995
-0.000954307
-0.00626281
0.00600694
0.00437788
0.000400154
-0.00785603
0.0120401
0.00549659
-0.00250637
0.0110927
0.0177248
0.00397368
-0.00427487
0.0109148
-0.0155674
0.0042351
-0.0103988
-0.00112557
-0.00856335
-0.00953528
-0.00757905
-0.012834
0.0105181
0.00635312
0.0139446
-0.00685032
-0.00213932
0.000345307
0.0112368
-0.00568777
-0.00400988
0.000622581
-0.00348038
0.0026742
0.00274933
0.00126791
-0.00277755
-0.000368683
0.00257138
0.0157523
0.00195543
0.00523558
0.00602537
-0.00659809
-0.00463384
-0.00854327
-0.0137385
-0.00157761
-0.00842368
-0.0077878
-0.00576448
0.0109708
0.00338887
-0.000801457
-0.00488832
0.00100134
0.00237805
0.0183581
0.0118178
0.00419073
-0.000525894
-0.00145976
-0.0122732
0.0114664
-0.00194077
-0.00489643
-0.00284134
0.00522755
-0.00479842
-0.0149671
-0.00209786
-0.0126196
0.013746
0.00868361
-0.00397645
0.011273
0.00852181
0.00270808
0.00677583
-0.0029735
-0.00362186
-0.00287019
-0.0017956
-0.00591567
-0.0146914
0.00519407
-0.0133736
0.00496578
-0.00168713
0.00446144
0.00504891
0.0113089
0.00407276
0.00981929
0.00671658
-0.00579119
-0.00102415
-0.00336848
0.0151708
0.0120611
-0.00869204
0.00516503
-0.0116452
-0.000218378
0.00230537
0.00247887
-0.00149738
-0.000549843
0.00632994
0.013424
-0.0053596
-0.0053336
-0.0010286
0.0122713
0.00348861
-0.00685318
-0.00136211
0.0156806
0.00844266
-0.00486491
-0.00176956
-0.00337253
0.0114017
-0.000691571
0.00534708
0.00930336
-0.00110967
-0.00639627
-0.00473231
0.0120039
-0.0127422
-0.00644713
0.00346261
0.015838
0.00322085
0.00117846
0.00858707
-0.00181566
-0.00611643
0.0162457
-0.0112497
-0.000781876
-0.0134309
-0.0144976
-0.00130308
0.00206794
0.00265708
-0.00667472
0.00485428
0.018025
-0.00133844
0.00952641
-0.00446548
0.00576261
-0.0162713
0.0101236
0.00460763
-0.0184055
0.00216355
-0.0055116
0.00755287
0.00829005
0.013652
-0.00514521
0.0107786
0.00510656
0.0106083
-0.00478604
0.000868882
-0.00443906
0.00151001
2.62482e-05
0.0150262
0.0187692
-0.0083327
0.0180502
-0.0116609
0.00943011
0.00648077
-0.000977438
-0.00431019
0.00522472
-0.00271275
-0.00903385
0.00141526
0.00422854
-0.00778841
-0.0124319
0.00735037
0.00295273
-0.0018799
-0.00176217
0.00439357
0.0099252
0.0119528
-0.014816
-0.00839795
-0.00753405
-0.00915254
-0.0129546
-0.00856598
-0.00481201
-0.00447124
-0.00911658
-0.0109066
0.00189679
-0.00663574
0.0166224
-0.0136723
0.00863216
-0.00745432
0.00592322
0.00569982
-0.00548813
0.0032961
-0.01119
-0.00569389
-0.000149425
0.00970371
-0.007286
0.00604497
0.0074854
-0.00525458
-0.00283294
0.0077057
0.000828542
-0.000384562
0.00587395
0.00514093
-0.0196123
0.00341796
0.00316715
-0.00385466
0.00903378
-0.00624828
0.00464614
-0.00364142
-0.000794073
-0.00671036
-0.00634802
0.00217222
0.00124672
0.00123228
0.00710291
0.00750648
-0.00666461
-0.000362038
-0.0128263
-0.000479725
0.00163235
-0.00204476
-0.00693131
-0.00306481
-0.0145822
-0.0113524
0.012695
-0.00497485
-0.00739252
-0.000412449
0.00263062
-0.012799
-0.00345637
0.0139434
-0.0173777
0.0013996
0.00673567
0.0120079
-0.00633134
0.0135538
-0.00083206
0.00110594
-0.00697876
-0.017145
-0.00761149
0.00681394
0.0110114
-0.00901485
0.00232871
-0.00872765
-0.00308262
0.0121552
-0.00797321
0.0034574
0.0116314
0.0077316
-0.00226221
0.00118749
0.00496863
-0.00213743
-0.0120401
0.0138511
-0.00130857
0.00652631
0.00976479
-0.0140289
0.0119454
-0.0111396
0.000814674
0.0111425
0.009329
0.00177065
0.00623681
-0.00217419
-0.0129994
0.00856257
0.000364889
-0.00459342
0.00577509
7.6467e-05
-0.000268439
0.000747223
0.00564876
-0.00582559
-0.0180746
-0.00256529
0.0027162
-0.00167882
0.0021635
-0.00131638
-0.00816462
0.00707427
0.00818503
-0.00874341
0.00441375
0.00802518
-0.00114453
-0.00565252
-0.00161999
0.0109677
-0.00616118
-0.00696536
0.00760774
0.00550803
0.00897765
-0.00106463
-0.010037
-0.0069867
0.00849049
-0.00936667
-0.00292222
-0.00442528
0.00743091
0.000437471
-8.10665e-05
0.00759115
-0.00166733
0.0117876
-0.00801839
-0.00576319
1.24527e-05
0.0017723
-0.000818182
0.00959834
0.000530314
-0.000898281
-0.00110982
-0.00645867
0.00607348
-0.00934284
0.00538394
-0.000249835
-0.00112589
0.00965701
0.00735857
-0.00818501
-0.00293399
-0.00265352
-0.0116271
0.00392014
0.0071765
-0.0134887
-0.0023017
-0.00908707
-0.00449375
0.00976419
0.00129324
0.00460679
-0.000422708
0.0124979
-0.00331721
0.0143069
-0.00209983
-0.0100034
-0.00287664
-0.00334893
-0.00306138
0.0103665
0.00616463
0.0198835
0.00432438
0.00256106
-0.00378759
0.00578497
-4.3193e-05
0.00272557
0.00112093
-0.0096116
0.00721099
-0.0147059
-0.00422338
0.00863421
0.00805723
-0.0126478
-0.00119464
-0.00558211
-0.00606625
0.00874737
0.00414679
0.0074107
-0.0101345
0.000743199
0.00569388
0.0114824
-0.00700854
-0.00423561
0.000196599
0.00295816
-0.0195503
0.00100085
-0.00245398
0.0038596
0.0138725
0.00310077
0.00566447
0.000648092
-0.000827107
-0.0134835
-0.00747711
0.0177716
0.0162503
-0.00424274
-0.0035402
-0.018249
0.0105006
-0.000885846
-0.000354543
-0.000473619
-0.00589412
-0.0114124
0.0131386
0.0167752
-0.00937297
-0.00429656
0.00129055
-0.0098609
0.00553629
-0.008962
0.00608663
0.000380383
-0.00150943
0.00315899
0.00246829
-0.00982082
0.00531252
-0.00365547
-0.0105226
0.0092878
-0.00506345
0.00620402
-0.0030085
-0.00770693
0.00371432
0.00452388
-0.000930236
0.00491333
0.0043988
0.0171712
0.0107577
0.00344127
-0.0138828
0.0130465
-0.00856932
-0.00135131
0.00585072
0.00406917
0.00119583
0.00537002
0.00116814
-0.00676373
0.0147982
-0.00220176
0.00622192
0.00458922
0.000844959
-0.00989983
-0.0136586
0.00550641
0.00400616
-0.0143858
-0.012467
-0.00877572
-0.0139544
-0.00636103
0.00648819
-0.0125484
0.00649967
-0.00246636
0.000219312
0.00822638
-0.0113215
0.00950126
0.00147323
-0.00425824
-0.00231206
-0.00613856
0.013989
-0.00457543
0.00315485
-0.0127517
-0.0025864
0.00945456
-0.0185753
-0.00483997
0.00911105
-0.0172917
-0.0197619
-0.00571564
0.00721721
0.00866559
0.0143317
-0.00987393
-0.0123873
0.00688049
-0.003911
0.000410639
-0.00969637
-0.00258412
0.0168534
-0.00367798
-0.00403767
0.00227917
-0.00728532
-0.0206134
0.00806448
-0.0166378
0.0120541
0.00776728
0.00198858
-0.00956555
0.00877659
-0.00841981
0.000710281
0.0137582
0.00304682
0.000578443
0.0105854
-0.00331556
-0.000578859
0.00323196
0.00707299
-0.0130678
0.00303212
-0.00268089
0.00934722
-0.0183765
7.34756e-05
-0.00427081
0.00514939
-0.00312741
-0.00190717
0.00720536
-0.0211662
0.0119783
0.00143573
0.00721541
0.00180442
0.00616098
-0.011153
0.00985725
-0.00876636
-0.0051568
0.00763402
0.0135657
5.98042e-05
-0.000495209
-0.0135855
0.00683085
0.0106
0.00792777
0.0125446
-0.000930436
0.00929075
-0.00228932
-0.0127642
-0.003668
-0.000951365
-0.00874863
0.00322242
-0.00200876
0.0152554
0.00143486
-0.0172687
0.00986784
0.00560001
-0.0161079
-0.0100109
-0.0104561
0.00966709
-0.00258238
-0.00517752
0.018322
-0.0150752
0.000553772
-0.00708442
-0.00857053
-0.00395896
-0.011634
0.00113004
-0.00642148
-0.00544541
0.00339978
0.00338205
0.00529839
0.00167303
0.00995201
-0.00353437
-0.00963338
-0.00510235
-0.00898748
-0.0105346
-0.00401582
-0.00321884
-0.0142463
0.00405881
0.00464126
-0.000247464
-0.0168429
0.000984691
-0.00529112
-0.0088285
-0.000846767
-0.0100148
-0.0094976
0.00191509
-0.00582909
0.00690659
-0.00163823
-0.00401993
0.00159896
0.00639731
-0.00134772
0.0142813
0.00928443
0.0132145
-0.00355116
0.00865421
0.013498
-0.0148781
0.00499709
-0.0144847
-0.000107662
-0.0106769
-0.00389033
0.00384439
0.00681686
0.00394885
-0.00508329
0.00875336
-0.00945361
0.00819446
0.0048791
0.00407213
-0.00598676
0.000902659
-0.00229409
-0.00182168
0.000314739
0.0173272
-0.00572062
-0.00586696
0.00993845
0.00656538
0.016312
0.0090563
-0.00566303
-0.00614639
-0.00885024
-0.00388167
0.00859464
0.00564816
-0.016561
0.0038988
-0.00867212
0.00165296
-0.0005521
0.00817833
-0.0061321
-0.00723333
-0.0128872
-0.00443655
-0.0024011
0.00214066
0.00881764
-0.0046135
0.0167548
0.002238
0.00486114
0.00542234
-0.0155869
0.00327111
0.00286131
-0.00675264
-0.0167565
0.0069091
0.00931185
-0.00524433
0.0133644
-0.00434059
-0.00484468
-0.00335529
0.0135554
-0.00937091
0.0050195
0.0146056
0.00312673
-0.00523154
0.00785127
0.00271724
-0.00449531
0.00440067
-0.00937594
0.0117273
-0.00394732
-0.0167791
-0.00156739
0.00311813
0.000223173
0.00892973
-0.0102013
-0.00532471
-0.00153771
-0.00108658
-0.00106559
-0.00259169
0.011257
-0.000744356
0.000965326
0.00586956
-0.00310519
-0.011774
0.0119058
0.00731544
0.00656619
-0.0041032
-0.00316922
0.0107651
0.00149067
0.00160664
0.0113091
-0.00513581
0.000823934
0.00297236
0.00510277
-0.00119274
-0.0020676
-0.00267501
-0.00014777
0.000492311
-0.000589248
0.00278326
0.00843603
0.0130094
0.00175196
-0.011123
0.013631
-0.00732244
-0.000664194
0.0162442
0.00449183
-0.0150387
0.00208476
-0.00921242
0.00840156
0.00835541
0.00914384
-0.017421
-0.0182627
-0.0154431
0.0102045
-0.00344963
0.000124674
0.0168157
-0.0151222
0.00389905
0.00516176
0.0132687
0.0140963
-0.0122913
-0.00466379
-0.0126395
0.00720274
0.000585079
0.00847766
-0.00609583
0.00152552
-0.000431898
0.0011573
0.00111067
0.00649408
-0.00312036
0.0153449
-0.00257248
-0.00727015
-0.0124854
0.0026751
-0.0074539
0.00923921
-0.00118211
-0.000252
0.0149242
-0.0168234
0.00292372
0.00940132
-0.00815614
0.00904412
-0.0153984
-0.00112812
-0.0105942
-0.0113599
0.00114262
-0.00525474
0.00119303
0.00829474
0.00022652
0.0142078
0.00931626
-0.0133066
0.00319315
-0.00520047
0.0119902
0.00523536
0.00675785
9.56257e-05
-0.00429104
-0.0054411
0.00152576
-0.00945969
-0.00671136
0.00272972
0.00687778
0.00866592
0.014322
-0.0145157
-0.00854589
-0.00892269
0.00560234
3.59767e-05
0.000419901
-0.012951
0.0103422
-0.00701955
0.0138617
-0.00688812
-0.0176442
0.000665521
-0.00869569
0.00542762
0.0046908
0.00166657
-0.00732934
-0.000410818
-0.0109435
0.0106332
-0.000243239
0.00708014
0.000764918
0.000492011
-0.0164186
0.000302168
0.0109203
-0.00187959
-0.0111757
0.00785091
-0.00554001
-0.01034
0.00226135
0.00687848
0.0103492
0.00226916
-0.00628097
-0.00126996
-0.0120649
0.00911059
0.0143008
0.00187807
-0.0110944
0.00597089
0.00354651
0.0141947
0.00186444
0.00661198
-0.00689611
-0.00455632
-0.0119475
0.013559
-0.0144127
-0.00226972
-0.00996371
0.00946328
-0.00522121
0.00808333
-0.010135
0.00436398
-0.0150737
0.0128929
0.000938506
0.0123914
0.0115205
-0.00250453
0.00554793
-0.0186556
0.00186873
-0.0138676
-0.0140844
-0.00375792
-0.0145378
0.00732842
-0.00309521
-0.00978643
0.00877622
0.0115716
0.00113643
0.00375712
0.0103233
-0.00924503
-0.00916775
0.00700642
0.0155986
0.00608083
-0.0112654
0.00368335
0.00664832
0.0139485
0.00122934
0.00685908
0.0072685
-0.00175455
-0.000555984
-0.000413022
0.00325515
-0.0173112
-0.0160838
0.00826321
-0.0171659
0.00102894
-0.00480788
0.0101899
0.0157241
-0.0160813
-0.0146492
-0.0159907
-0.0122664
0.00102424
-0.0157427
0.0184198
0.012428
0.00307468
-0.00919621
0.0173338
0.0042071
-0.0118439
0.0016002
0.00123966
-0.0204652
0.0128029
-0.002589
0.000454577
0.000541741
-0.00620287
0.00209004
0.0152612
-0.00814938
-0.0106126
-0.0132759
-0.000758059
-0.0178657
-0.00966961
0.00721898
0.00105876
-0.00179675
0.0160639
-0.0108011
0.00223373
-0.00347758
-0.00398544
0.00824775
-0.00834433
0.00813676
0.00422762
0.00923912
0.00726685
-0.00913235
0.0180575
-0.0108327
0.00631523
-0.00997175
0.00445964
-0.00405215
-0.0095573
0.00272422
-0.00891727
-0.002267
-0.0104045
0.00673115
0.0007306
-0.00270731
0.00734366
0.00559469
-0.013753
0.00156784
0.00360736
-0.00653355
-0.00770189
-0.00671447
0.0033594
-0.00932709
-0.0144931
-0.00134463
-0.00572434
0.0118752
-0.000118047
0.00300372
-0.00267177
-0.0103229
0.00336039
-0.00238776
0.00431591
-0.00644009
0.00196783
0.000829668
0.00433003
-0.000230635
-0.0200915
-0.0135859
0.00381126
0.0121401
-0.0140176
0.0109188
0.00226737
-0.0116394
-0.00815904
-0.00887933
-0.00147359
0.0142457
-0.00699913
0.00582147
0.00657797
-0.0128322
0.00401558
0.00362026
0.014821
-0.00995479
0.0094293
0.00558877
0.00156001
-0.00415041
0.00139713
0.0110327
-0.00687431
0.000417787
0.018879
0.00493229
-0.00964474
-0.00953145
0.00863172
0.00219767
0.00984915
0.00278117
-0.00679308
-0.0119746
0.00231935
0.00964274
-0.00767986
0.00364003
-0.0184707
0.0145221
-0.0111778
0.00439036
-0.00992038
-0.00497683
0.0104226
0.000689188
-0.0105363
-0.00339951
-0.00963455
-0.00108759
-0.0100242
-0.00359872
-0.0137191
0.0106915
0.00409912
-0.0103067
0.00171821
-0.00642632
-0.0110574
-0.00949082
0.00729252
-0.00183802
0.0161436
0.000901727
0.000863239
0.0206686
0.00836929
-0.00539016
-0.0043636
0.00541003
0.00903999
-0.00734314
-0.010813
0.00255603
-0.00369777
-0.00103053
0.00573841
0.000350996
-0.00810608
0.00691615
0.00106686
0.00507105
0.00170505
0.00408632
0.0049822
0.0185518
0.00459967
0.00330555
-0.0025608
-0.006609
-0.00107321
-0.00266382
0.0109668
-0.0164025
-0.0010601
-0.00438215
-0.00337638
0.00944291
0.000369792
-0.00432988
0.00155075
-0.00210066
0.00395574
-6.29414e-05
-0.0144084
-0.00486363
-0.0143115
-0.0108164
0.0116346
-0.000484016
-0.0152304
-0.0108936
-0.00417727
0.00119677
0.0120785
0.00154451
0.0110888
-0.00169513
0.000648747
-0.00503536
-0.00843001
-0.00776634
0.00404839
-0.00461134
0.018623
0.00478258
0.0115133
0.00626069
-0.00756172
-0.0179463
0.00432434
-0.00332873
0.00451693
0.00898284
-0.00678193
-0.00859394
-0.00595152
0.00499626
-0.0134681
0.0137798
0.0167644
-0.0129274
-0.00902345
-0.00733594
0.00079072
0.00940647
0.0012657
-0.000946635
0.00105388
0.0109483
0.0119837
0.000534848
0.00746893
-0.0173458
-0.0155588
-0.000844409
-0.00647842
0.00800843
0.00103626
-0.0106122
-0.00313488
0.00694204
0.004872
-0.0175614
-0.00744323
0.000197827
-0.00425871
-0.0109022
0.00626378
-0.002789
-0.0103392
0.0133854
-0.0174052
0.0106302
0.000591438
-0.014542
-0.00118778
-0.00441263
-0.00160456
-0.0118647
-0.00711225
-0.00450735
0.0105406
-0.00816073
-0.000707973
-0.0139655
0.0068917
-0.00638998
-0.000661197
0.0160671
-0.0172167
-0.0026132
0.0154
0.00675458
-0.007525
-0.0167272
0.00469776
-0.00453337
0.00630555
-0.0109069
-0.002169
-0.0054496
-0.00397776
-0.00579085
0.0138754
-0.00470871
-0.00967341
-0.000270875
0.00712709
0.019522
0.00137355
0.00643967
0.00303515
-0.000165166
0.010687
-0.00653655
0.00700512
0.0132407
-0.0023509
-0.00161159
-0.00374869
0.0081833
-0.0136422
-0.00769551
-0.0070787
0.0145618
-0.00685347
0.000366162
0.00143292
0.00552238
0.0106037
-0.000836878
0.00847451
-0.00083863
-0.00162114
-0.00382669
-0.00877053
0.0026829
-0.0092058
0.0140218
-0.0146609
-0.00051482
0.00663538
-0.00385789
5.23373e-05
-0.00128659
0.000650323
0.00679007
0.0102804
0.0152484
0.00350122
0.00328939
-0.00569648
-0.00620722
0.000959675
0.0117629
0.0149233
0.00773401
-0.0103754
0.00815217
0.00554062
0.000332969
0.0047421
-0.00615906
0.0130745
0.00220684
0.0205111
0.0113064
0.0114685
-8.76399e-05
-0.00856109
-0.00127306
0.00144847
0.0064461
0.0103371
0.00222479
-1.09934e-05
0.000593795
-0.011794
-0.00172126
-0.0179507
0.0178561
0.00598181
-0.0040998
0.0127869
-0.0130712
0.0074878
0.010588
-0.00788327
9.32043e-06
0.0101575
0.0183315
0.00479186
-0.00659719
-0.00811482
0.0157531
-0.00783287
-0.00203032
-0.00165276
0.0155993
-0.0103176
0.0153599
-0.0118161
0.00610653
3.22849e-05
0.00422926
-0.0131249
-0.00113849
-0.00146363
0.00613963
0.0054207
0.00730568
-0.00892255
-0.00426324
-0.000854755
0.000558792
-0.0076107
0.00747277
-0.00108316
0.00382349
-0.00177969
-0.0123359
0.00913867
-0.00176276
0.000264781
-0.0019034
-0.0166801
0.00327331
0.0106776
0.00677173
0.0103461
-0.00134943
0.00177434
0.00478344
-0.0017722
-0.000359687
0.0166597
0.00301836
-0.00469512
-0.00947626
-0.0158424
0.00125514
0.0154974
0.00629942
0.00353853
0.0145231
-0.00107317
0.0166201
0.019297
0.00139236
-0.0129392
0.0139729
0.00981193
0.00804398
-0.00322794
0.000686463
-0.0128119
0.0128318
0.00647006
0.00738573
0.0107275
0.0024184
0.0136077
-0.0111193
-0.00250773
0.00747988
-0.00869432
0.00974832
-0.00450556
0.00623441
-0.00511481
-0.00532897
0.00886248
0.00623357
0.00515912
0.0038663
-0.00742152
-0.0174087
0.00384832
-0.00385876
0.0046946
0.00736846
0.00359911
-0.00288212
-0.00804058
0.0128349
0.0102732
0.0118675
-0.00646614
0.0129933
-0.0112293
-0.00689526
0.00166952
0.00901021
0.0115924
0.00685843
0.00877259
0.0122873
0.00986885
0.0114652
-0.00871737
-0.0113271
0.0103312
-0.0007834
-0.00283337
0.00255804
-0.0138801
-0.0112386
-0.00716638
0.0147821
0.00292304
-0.000761792
-0.00708222
0.00259249
-0.000544169
-0.0168599
-0.00459181
0.0137691
0.015303
0.00960447
0.0037208
-0.00159305
0.0078253
-0.000894989
0.00641474
0.00508495
-0.00742199
-0.000441426
0.0158487
-0.0117176
0.0162088
0.00604295
0.00765989
-0.00411845
-0.0101519
0.0139576
-0.0038263
0.00488442
-0.000467087
0.00465792
-0.00359827
-0.0061894
-0.0074088
-0.00404964
0.0169951
0.0022695
-0.0013951
0.00187118
0.00664965
-0.013722
0.00323875
0.0115414
-0.00887462
0.00341146
-0.00105959
0.0180808
-0.00366258
0.00579671
-0.0162143
-0.00263153
0.00745467
-0.00896502
0.00795042
0.0123244
-0.00934111
0.0110978
-0.00116204
-0.00668991
-0.00388468
0.00209648
0.00479093
0.0118727
-0.010881
0.0115318
-0.00205836
-0.00483969
-0.0129366
-0.010019
0.000576286
-0.0118609
0.000907736
0.00660765
0.000401179
0.0111839
-0.00336071
0.0130471
-0.00949205
0.00255857
-0.000360498
-0.00451872
0.00151581
0.00297746
-0.00168827
-0.016407
0.0167387
-0.00987682
-0.00755621
-0.00408266
-0.00335143
0.0108363
-0.00109326
-0.00528192
0.00585345
-0.00948356
-0.0101078
0.00307409
-0.00188585
0.00146204
-0.000989944
-0.00468611
-0.000263139
0.0119204
0.00364274
0.00650045
-0.00653586
-0.00642083
-0.00172957
0.0032604
-0.0144261
-0.011858
0.0012494
-0.0116511
-0.00273236
-0.00421057
-0.00365913
-0.00944835
-0.00198477
0.00973322
-0.011165
-0.0195256
0.0120956
-0.00385513
-0.0161743
0.0144899
-0.00681788
0.00929019
-0.00615204
-0.00620494
0.00892489
0.00886813
0.00216265
0.00134349
-0.019583
0.00183585
0.00583554
-0.00549914
-0.000686424
-0.0146525
0.0115258
-0.00451146
0.00246923
-0.000860529
-0.019057
-0.0125672
0.00399386
-0.00486637
-0.0042793
0.00633439
0.00755384
0.00981426
0.0119554
0.00984567
0.0164357
-0.00559178
-0.00496952
0.0111947
-0.00532453
-0.0061831
0.00326866
0.008436
-0.000974558
0.013419
4.6767e-05
-0.0076413
0.00644883
-0.000484848
-0.0149868
-0.0132765
0.00455395
0.00793563
-0.00749672
-0.00291587
0.00798957
0.00574688
-0.00637444
-0.00295409
-0.00372231
0.00887197
-0.0127313
0.00392506
0.00340363
0.0121217
-0.0086738
-0.0101342
0.00145172
-0.00453543
-0.00454312
0.00260859
0.00492458
0.0147047
0.00106352
0.012676
0.00074069
-0.00633434
-0.0201711
-0.0182731
0.00103093
0.0145991
-0.00730616
0.00971212
0.00226635
-0.0118994
-0.0022746
0.00116967
-0.000935384
0.0012001
0.00615009
-0.00253066
-0.00752567
-0.00509983
0.0102006
-0.00151449
0.0134254
0.00358862
-0.0039253
0.000264805
-0.00299741
-0.00393571
0.000549352
0.0188528
-0.00836653
-0.000257898
0.0124541
-0.0168005
0.00982127
-0.00129343
-0.00232358
0.00977848
0.0102767
-0.00425377
0.00519301
0.00469245
-0.0156236
-0.00307641
-0.00200929
-0.0154603
-0.00712039
-0.0125923
0.0029681
0.0102622
0.0131314
0.0113364
0.00616084
0.000434823
0.0130071
0.00131409
-0.00780792
-0.00107912
0.00676329
0.00444391
-0.00985398
0.015853
-0.00525971
-0.0116406
-0.00465718
-0.0109771
-0.0138845
-0.00219277
-7.0078e-07
-0.012761
-0.00557689
-0.0117431
-0.00544033
-0.0153415
0.00449706
-0.0153979
-0.000439124
-0.000856462
0.00371588
0.0134844
-0.0138755
0.00753294
0.00286659
-0.0140089
0.00358223
0.0158723
0.00473295
0.00609536
-0.00869308
0.000615585
0.00133112
-0.00955294
0.00714768
-0.00480685
-0.00143167
-0.0115526
-0.01029
-0.000117562
0.00132054
-0.00455751
0.0020534
0.00290811
0.015444
0.00607898
-0.000242662
0.00255487
0.0133871
0.00198045
0.00406736
-0.0115513
0.00585114
0.00880333
-0.00564869
-0.0118623
0.0160342
0.000574622
-0.00510497
0.00339909
-0.00898864
-0.00438494
-0.0053022
-0.00814284
-0.00882814
-0.01433
-0.00898879
-0.00212509
0.0154393
0.0138983
0.015364
0.00546247
-0.0143837
0.00653609
-0.011955
-0.00914965
-0.00206158
-0.00870012
-0.0153647
0.000721131
-0.00153052
-0.00747874
0.00345952
0.00781788
-0.00292559
0.0072146
0.00227745
0.000886942
-0.00276068
-0.0101201
-0.00411662
0.00729032
-0.0113295
-0.013542
0.00322207
-0.00793725
-0.00495486
-0.00882776
-0.00354499
-0.00407135
-0.000768514
0.00596785
-0.00565451
-0.0105973
-0.00719701
-0.00165605
-0.0185122
0.00398301
0.00422447
-0.0135861
-0.000904973
-0.0123367
-0.0154646
0.0141197
-0.00069956
-0.00400528
-0.00828326
4.08606e-05
0.00881737
-0.000878122
0.0116759
0.0117816
0.0031001
0.00627162
0.00620561
0.0147711
0.0141118
-0.000559197
0.00274467
0.0011125
0.00213396
0.000577039
-0.000930204
0.00138776
-0.00993854
0.00950752
-0.00202453
-0.00509903
-0.00589602
0.00840013
-0.00614192
0.00561022
0.00413073
0.00661704
-0.00286334
0.00892052
-0.0166381
-0.00687869
0.0101155
-0.00968111
0.0164935
0.00191425
-0.000359352
-0.00593026
-0.00201218
-0.00594579
0.00416626
-0.000184273
-0.0167594
-0.00630244
0.0141623
0.00112271
-0.00935919
0.00143079
0.0102279
0.000933189
-0.00842392
-0.00175918
-0.000337338
0.00643619
-0.00521957
-0.0105036
0.000154828
0.00724367
0.0172197
-0.0147525
0.00355932
0.0074314
0.00208911
-0.0050436
0.000611875
-0.00391116
-0.00126297
0.00487952
0.00811505
0.017525
0.0118061
-0.0196327
-0.00366652
-0.00464362
0.0100271
0.00198552
-0.011551
0.00778652
-0.00319572
0.00285515
-0.00136749
0.011079
-0.00672636
0.0172441
-0.0156755
-0.0171907
-0.00115922
0.00809158
0.0152122
0.00872744
0.00552673
-0.00412403
-0.00134495
0.00598869
0.00640542
-0.00712451
-0.013687
0.00240746
-0.00156191
0.00245017
-0.0100039
0.000368078
-0.00861416
-0.0159889
-0.00956721
-0.0111124
0.00345153
-0.0100647
0.0099009
-0.00243409
0.00476779
-0.000130594
-0.00560415
0.0136171
0.000453562
-0.00292862
0.00132678
0.000761347
0.00589912
-0.000689357
-0.00101413
0.0137663
-0.00556336
-0.0169309
-0.000374544
-0.000830981
-0.00744871
0.0169489
0.0013153
0.00125591
-0.0177913
-0.00778149
-0.00423325
-0.00227703
-0.000772844
-0.00200223
-0.0147681
0.000650416
-0.00600929
-0.015994
-0.0141706
-0.00199059
0.00368831
0.00827753
0.00257457
0.00677247
-0.0136141
0.0112685
-0.00802917
-0.0161815
-0.0154498
0.0108858
-0.00641969
-0.00759975
-0.00474419
0.00266203
0.00253101
0.00241563
0.0156297
0.0112229
-0.00124823
0.00298757
-0.00448846
0.01024
0.00177267
0.000155185
-0.00265039
-0.000945342
0.00110245
-2.4211e-05
-0.010664
-0.00108167
0.00330925
-0.00191363
0.0120271
0.0156684
0.00582987
-0.00408344
0.0114372
0.0102986
0.000215045
-0.000467236
1.99923e-05
-0.0115054
0.0115172
0.0189555
-0.00889181
-0.00727976
-0.00226701
0.0133564
0.000115912
-0.000935829
-0.0167437
-0.0141876
0.00113728
-0.0135715
0.00656478
-0.00108302
0.0060235
-0.0137676
0.0188316
-0.00308097
0.00158693
0.00435725
0.00192071
0.00908004
0.00378877
0.00798241
0.00312494
-0.0182615
0.0113806
0.00561455
-0.00292212
0.0030553
-0.0080569
-0.000832788
-0.00552442
-0.000760305
-0.0142745
0.0168573
-0.000164241
-0.0103171
0.0126067
-0.00933043
0.0129349
-0.00148099
0.00499953
-0.000688851
-0.0128097
0.00517879
-0.00834588
-0.0100919
0.000432245
-0.0178078
-0.00725528
0.0167537
0.00351198
-0.00379498
0.00410178
0.0103755
0.00223232
-0.00159756
0.013028
-0.0121656
8.00341e-05
0.00082649
-0.00264079
-0.000661299
0.00135719
-0.0160508
-0.0194196
0.00815723
-0.0143354
0.000211084
-0.00876316
-0.0146719
-0.00199382
0.000701
0.00291901
0.0112525
0.00302347
-0.0052668
0.00281358
-0.00182586
-0.00292234
-0.00172732
0.00430107
0.00470018
0.0107922
0.00120679
-0.00597703
-0.00450186
-0.00825964
0.00306338
0.0062094
-0.00234159
0.00492006
0.00961555
0.00793834
-0.00957043
-0.010087
0.00414894
-0.00486785
-0.0158203
0.0137604
0.00795329
0.0148711
-0.000187484
-0.000349423
0.00127084
-0.00428305
-0.00638199
0.0127957
-0.0131042
0.0110232
0.0042752
-0.0124975
-0.00484961
-0.00420158
0.0100338
0.00766629
-0.00413267
-3.63522e-05
0.00767405
-0.00144426
-0.0160006
-0.0136007
-0.00509029
-0.0191491
-0.00154581
0.00208058
0.0142853
0.0111535
0.0151673
0.0102406
-0.00496408
0.000238468
0.0189695
-0.0134169
-0.00018366
-0.00736125
0.000886357
-0.0170921
-0.00029212
-0.000923577
-0.00141732
-0.0205834
-0.00925995
0.000828794
0.0189969
0.00963364
0.00750148
0.0049361
-0.0114006
-0.01131
-0.00186715
-0.00629373
0.00331646
-0.00518473
0.00479753
0.00118641
-0.0049513
-0.00522667
-0.00735199
0.013171
0.00667153
0.00420295
0.0112019
-0.0023057
0.000658237
-0.011783
0.0106627
-0.0021897
0.00148713
0.0170035
0.00799211
0.00966486
-0.00120707
0.0103044
4.03109e-05
0.00308587
0.00333033
-0.000589985
-0.00504697
-0.00714134
-0.0165114
-0.00559764
-0.0155262
-0.0133444
0.00631308
-0.00775443
0.000374169
-0.00412883
0.00634862
-0.00939197
0.00817611
-0.00837406
0.000982711
0.00456382
0.0096151
-0.00845299
-2.70193e-05
0.00872983
0.0211117
-0.00811749
-0.000955454
-0.00121971
-0.0139615
-0.00141419
0.000827028
0.0202509
0.00436256
-0.000965262
0.0029128
0.00128102
0.00102103
0.0056316
0.000252232
-0.0145592
0.00974688
0.00583904
0.00440104
-0.0132647
-0.000729203
0.00430153
-0.00401022
0.00910096
-0.00652039
0.00569762
-0.00974058
-0.0125545
-0.000193332
0.0137493
-0.0140363
-5.20003e-05
-0.00201181
0.00450197
-0.0110685
-0.00717121
-0.00196679
-0.0116998
0.00020792
-0.00562466
0.00553683
0.0115548
-0.0144232
-0.0129233
-0.0079227
0.00691717
1.60669e-05
-0.00477365
-0.00882262
0.000393494
0.0124404
-0.0102139
-0.00964739
0.00449662
-0.00303778
0.00572289
-0.00105507
-0.0017047
0.0162779
0.0128548
0.00767283
0.00787099
0.00516231
0.00569316
0.00282566
-0.00207655
-0.000691061
0.00426487
-0.0127294
0.00169691
-0.0138414
0.00820675
0.00322261
-0.00889993
0.0133489
0.00638085
0.00225201
0.00723578
-0.00412566
0.00375401
-0.00245924
0.0139661
-0.010613
0.00798608
0.00551759
0.00384017
-0.00437206
-0.00174541
0.018549
-0.00312379
-0.00669047
-0.0115049
-0.00396594
0.00297587
0.00865979
0.0120832
-0.0130675
0.00305024
0.00133057
0.0174016
-0.000755528
-0.00147563
-0.00966095
0.0151978
0.00760845
-0.0021638
0.0153311
-0.00352047
0.00353695
0.00327355
0.00618527
-0.00307756
-0.00154358
0.0123869
-0.0104658
0.00663516
0.00808071
-0.0163489
0.00193848
0.00730777
-0.0105519
-0.0110099
0.0129501
0.0161443
-0.015075
-0.0142659
-0.00817506
0.00570287
0.00410405
-0.00993165
-0.0165461
-0.0175831
0.00186303
0.0114292
-0.0136084
0.0133484
0.00240608
0.00209367
-0.0121919
-0.0111065
0.0161809
-0.0146818
0.000233776
-0.00171275
0.00911091
-0.00202395
0.00653394
-0.0159006
-0.0105895
-0.00927634
0.0142655
0.0160664
-0.0150642
-0.0109219
0.0149232
-0.0115733
-0.00445119
-0.00383968
-0.0137591
0.000120408
0.004278
-0.0120834
-3.57902e-05
-0.00226592
-0.0109807
-0.0133483
-0.00747015
-0.00151845
0.0208781
-0.00684075
-0.012994
0.0024809
-0.0017194
-0.000187776
-0.00691121
0.00134814
-0.00197091
-0.0132961
0.00423035
0.00884287
-0.00562944
0.0180093
-0.0017873
0.00731572
0.00405047
-0.00953236
0.00353578
-0.0049139
0.0130646
-0.0136621
-0.00516904
0.00352017
-0.00157442
-0.00914666
-0.00386312
-0.00409441
-0.00480919
-0.00111732
-0.0125439
-0.00898047
0.00667336
0.00403787
-0.00408946
-0.00944932
-0.0059777
0.0151285
0.00752425
0.00318814
-0.0126021
0.00860574
-0.00626231
-0.00448292
-0.00304859
0.00380686
0.00059815
-0.00261109
0.0192632
-0.00399419
0.000550751
-0.0188008
-0.0150801
-0.0165737
-0.0064984
-0.00160605
0.00213076
0.00738399
0.011511
0.00627179
-0.00269918
0.0143448
0.00490504
0.00517048
-0.00831437
-0.00360764
0.00920762
0.00828427
-0.00460583
-0.0134284
-0.000200157
0.012745
-0.00803472
-0.00220095
0.00155517
-0.0095361
0.0141495
0.0182298
-0.00493247
0.000273135
0.00310174
-0.0210104
-0.00426808
-0.015038
0.000459226
0.0014967
-0.000551058
0.00218967
-0.00857908
-0.00510947
-0.0174153
0.0133069
-0.00983689
-0.00568608
-0.0094875
0.0149335
-0.00874745
-0.0155512
0.00267169
-0.000414598
0.00536901
0.00338999
0.0153237
0.017707
0.00556837
-0.000279235
-0.00204802
-0.0151127
0.00161474
-0.00517943
0.0167379
0.00721633
0.00367709
-0.00502504
-0.0174492
-0.0119951
-0.00435754
0.0142125
-0.00302549
-0.00376396
0.00156742
-0.00930404
0.0089845
0.00910933
-0.00226585
0.00272649
0.013684
0.000987744
0.00160792
0.00223501
0.0119979
-0.00644672
0.00310957
0.0186066
-0.0032643
0.00262695
0.0107994
-0.00217747
-0.00961899
0.00890833
0.0108618
0.00258726
0.000102801
-0.00104289
-0.000462297
-0.0141306
-0.00856801
-0.00229887
-0.0128115
0.0161005
0.00967548
0.00370217
-0.00942451
-0.00269083
0.00845656
-0.00945349
-0.00362251
0.000914376
-0.00329124
-0.00180899
0.00106361
0.00778207
0.00643276
0.008512
0.000316067
-0.000979703
0.000390212
-0.0124832
-0.0172277
-0.00660295
-0.00895654
-0.0109276
-0.00144784
-0.0160988
0.0113331
-0.00849262
-0.0123725
0.00489228
0.00477266
0.00915634
-0.00493293
-0.00639456
0.0108991
0.00789782
0.00889786
0.00637515
-0.0147616
-0.0126377
0.00690911
0.000526341
-0.0036946
-0.0123108
-0.00867682
-0.00053203
0.00598574
0.00118456
-0.0046739
-0.00348991
0.0188619
-0.000103367
0.00570279
0.00622624
0.00171931
-0.00379336
-0.0136732
0.00539576
-0.0112333
-0.01196
0.00714125
-0.00233944
-0.00386777
0.0141798
-0.00636488
-0.00231646
0.0150978
-0.00269289
0.00385196
-0.00973303
-0.00287816
-0.00727515
-0.0167934
0.00903057
0.0126804
-0.00498714
0.00605329
0.0114738
-0.00848146
-0.00635614
-0.00660617
-0.00234931
0.0103824
0.00781738
-0.00150886
-0.00166919
0.0060328
0.000536493
0.0106511
0.00416236
0.0066376
0.000203498
-0.00815136
-0.00659842
-0.00561875
-0.0100043
-0.000152316
0.0177415
0.00407901
0.00298963
0.00216844
-0.00181686
-0.0076239
-0.00255937
0.0082867
0.00488389
0.0007782
-0.0153345
-0.00471014
-0.00253114
-0.0134126
-0.00107898
0.0180606
-0.00333485
-0.000728179
0.00323491
0.000975227
-0.0118333
0.000137682
-0.00362146
0.00868511
-0.019601
0.00634981
0.00209015
0.00755611
-0.00868922
-0.0129764
-0.0194215
0.00689437
0.0057489
-0.00162668
0.00760646
-0.011073
0.0141747
0.00285525
-0.00251091
0.0118157
-0.000471167
0.00737712
-0.00166969
0.00117799
0.00907671
0.00134773
-0.00671432
-0.0116262
0.0144083
0.0080184
0.00757048
-0.00368697
0.00748499
-0.0106512
-0.0107662
0.00433701
-0.00214494
0.0118565
0.00517252
0.0073013
0.00123598
0.00390449
-0.00458371
-0.00644375
0.000500209
-0.0111103
-0.00147991
-0.0131338
0.0058458
-0.0104957
-0.00114577
0.00531707
0.00555546
-0.00710534
-0.0127417
0.00350237
-0.0126299
0.00449078
-0.000314868
-0.00738899
-0.00037832
-0.0132188
0.00965302
0.00414684
0.0142869
-0.0108964
-0.0125075
-0.0116244
-0.00988065
0.00377593
0.00294101
0.0088216
0.0146852
-0.00542758
-0.0101154
-0.0069192
-0.00984108
-0.012352
0.0179339
-0.00616409
-0.014554
0.00241223
-0.00116502
0.00893613
-0.00646715
-0.0121932
0.0199904
-0.013215
-0.011534
0.00609615
-0.00998431
0.0108064
0.000513787
0.00146137
-0.00975069
-0.013756
-0.000288389
-0.00841649
0.000918836
0.00897576
-0.00824312
-0.00907446
0.0148858
0.0034731
-0.0194572
0.00317713
0.00874621
-0.00631722
-0.00903681
-0.015242
0.0119163
-0.000142493
0.00260788
-0.0113004
0.0134355
-0.0020216
0.0159328
-0.00453521
0.00956417
-0.00877928
0.00850714
0.00361516
0.00838142
0.00503851
-0.00755792
0.00203194
0.0037482
-0.00548861
-0.00666953
0.00988281
0.00236126
-0.00951648
-0.00323485
0.00616302
0.00636103
-0.0035637
-0.00821841
0.0106467
-0.00265061
-0.000492394
0.00548172
-0.00585018
0.003429
-0.00588883
-0.00665293
0.00352544
0.0118552
-0.00747245
0.00143212
-0.00652518
-0.00392569
0.00118649
0.0114374
0.00949374
0.00604353
0.0200531
0.0105409
-0.000719671
0.00286415
0.0107294
-0.00261452
-0.00808046
0.00826377
-0.00361384
-0.0168623
-0.0039858
0.00124694
0.0100175
0.00903386
-3.67159e-06
0.00703779
-0.016347
-0.00869729
-0.0114011
-0.00220038
-0.00962193
0.013583
-0.0170491
0.00969439
-0.011407
-0.00932709
-0.00648114
-0.0181921
0.00460421
0.00157286
0.00591914
-0.0182997
0.0047145
-0.00601979
0.0101196
0.0141165
-0.0130351
0.00427008
0.00659665
0.0136774
0.00679652
0.00127172
-0.00372979
0.00385179
-0.00460379
0.00547495
-0.00743953
-0.00911256
0.00312795
-0.00941165
-0.00187768
0.0137451
0.0109295
-0.00204723
0.0105048
0.0127158
-0.00549426
-0.00385811
-0.00293283
0.0131252
0.00541834
-0.00622127
0.00577541
-0.00474624
-0.00899135
0.000676035
0.0120218
-0.00430695
0.0109615
-0.00247223
0.00527605
-0.00418195
0.00275632
-0.00944226
-0.00804637
0.0137617
0.00080826
0.0168256
0.0136814
-0.00598779
-0.00207852
-0.00617896
0.00910941
0.0114197
0.00463475
-0.00141236
-0.00228378
0.00969259
-0.0136344
0.000296029
0.00393328
-0.00283395
-0.0213515
-0.0101496
-0.0168787
-0.00297999
2.56599e-05
-0.00901394
0.00182998
0.00773117
-0.0101216
-0.0050993
0.000724487
-0.0119329
-0.0166312
0.00835903
0.0024209
-0.00795639
-0.00195812
-0.00512583
0.00870624
0.0051557
0.00421006
0.017867
-0.00145248
0.0125048
0.0104421
-0.00250467
-0.00947606
-0.00174331
0.0168753
0.00414447
0.0121408
0.000365608
-0.000443111
-0.0086541
-0.012866
0.016995
-0.00735663
-0.00261594
-0.0039644
0.00109162
-0.00418052
-0.00383055
-0.0158506
-0.018289
0.00104187
-0.0011539
0.00351835
0.00189051
-0.00554852
-0.0101365
-0.010262
-0.00559571
-0.00122914
-0.00495289
0.00167719
0.00128416
0.0162005
-0.0161599
0.0133546
0.00137466
-0.00564382
0.00610429
-0.000567536
0.000949777
0.00123121
-0.00305579
-0.00232814
-0.00517455
0.00461168
-0.00875082
0.00748612
0.00378553
-0.010013
-0.0189131
0.0176012
0.017738
0.00415717
-0.0116429
0.0103622
-0.00252642
0.00159499
0.00256268
-0.0142337
-0.00429043
0.00873552
0.0181417
0.000966926
-0.00304138
0.00955283
-0.00570458
0.00345678
-0.00383829
-0.00707397
-0.0102712
0.0167753
-0.00659311
-0.0183799
-0.00383771
0.0148325
0.000714075
0.000305443
-0.00315997
-0.00216671
0.0137011
0.0147938
0.0130653
-0.00144492
-0.0170851
-0.00625421
0.0162442
0.00279568
-0.0140583
0.00562068
0.0162268
-0.00454933
0.0010716
0.0143217
-0.00297152
0.0131851
-0.00193368
-0.00274878
-0.0181949
-0.00111621
0.00876224
0.00178817
0.00315065
-0.00829211
-0.0110003
0.014146
-0.00369304
0.0006924
0.00535276
-0.00470982
0.00569434
-0.00836404
-0.00649542
-0.00658255
0.00616832
0.00445415
0.00640565
-0.00301265
0.0108262
-0.00135136
0.00749866
-0.0164226
0.000916439
0.00118417
0.0207588
-0.0128244
0.00494965
-0.0127359
0.0106484
-0.00476128
0.0159325
-0.0112024
0.00593519
0.0104196
-0.00404494
-0.00488765
0.000388028
0.00725934
-0.0155656
0.00757367
0.00491786
0.0101714
0.0165105
-0.0131531
-0.000408055
0.00102598
0.00325333
-0.00508714
-0.00291657
0.00447504
0.0144007
-0.00350779
-0.000248029
-0.00538165
-0.00927978
0.0108543
-0.00305872
0.00550559
-0.00301349
-0.00233898
-0.00408705
0.0121029
-0.0114894
0.00835481
0.0123482
0.000107365
-0.00905759
-0.00141208
0.000351126
-0.00364443
-0.00460171
-0.0132906
-0.014714
-0.0156835
0.00604235
0.000325832
0.00213937
0.00112159
0.0194444
-0.00228115
0.000831412
-0.00588303
0.0159006
0.00394303
0.00738599
-0.0141517
0.00750851
-0.00487616
-0.0137525
-0.00345808
0.00436756
-0.00575481
-0.0121784
-0.0028431
0.00484318
0.0175838
0.0141768
-0.00255159
0.00440566
-0.0180953
0.00169003
0.0145759
0.00473513
0.00199309
-0.0108599
0.00474739
0.0168776
1.46012e-05
0.0158342
-0.00950958
0.0135221
0.00487712
-0.00169983
-0.00664821
0.00371696
-0.00697736
0.0074339
0.0146055
-0.00417649
-0.0183231
-0.00634121
-5.38531e-05
0.00689166
-0.00623923
0.0186071
0.000453556
-0.00767458
-0.00459647
-0.0138186
-0.00666859
0.00696145
-0.00469468
0.0154275
0.00508954
0.00503464
-0.0037854
-0.00533452
0.00922983
-0.00387851
0.00280816
0.00871662
-0.0175668
0.0085924
-0.00833237
-0.0119331
0.00614693
-0.00717207
0.00942372
0.0113631
-0.00196848
0.00127966
-0.00638364
0.0118817
0.0189771
0.00583678
0.00125693
0.00357216
-0.00587939
0.00447659
0.00693832
-0.00773789
-0.0124281
-0.00693733
0.0148203
0.0115089
-0.000651302
-0.0143769
-0.0127412
-0.00418876
0.00550795
0.00654638
0.0162014
0.0119299
0.000808267
0.0175851
0.00894996
-0.000642993
-0.00506273
-0.00648259
-0.00315454
0.00113448
-0.00366006
-0.0108408
0.00573714
0.0113095
0.0080933
-0.00346487
0.00649961
-0.0083329
-0.0180782
-0.00642037
-0.00237539
0.00886839
0.00683115
0.00231941
0.00741207
-0.000129242
-0.00978857
-0.0126492
0.0169501
-0.0142812
-0.00495864
0.00638844
-0.00928106
0.00884884
0.00730776
0.00646212
0.0168399
-0.00250575
-0.00375851
0.00587286
-0.0182073
0.00740557
-0.00522641
-0.0105724
-0.00658336
-0.00618262
0.000349994
-0.010001
-0.00173864
0.00665932
0.00127629
-0.0109733
0.00697713
-0.00116234
0.0078094
0.00687217
0.0104541
0.00455593
0.00903409
0.0169514
0.0120795
0.0123836
0.0109746
-0.0179764
0.00123034
0.0148051
0.0018044
-0.000851977
-0.00964737
-0.0094747
0.0026962
0.00923898
-0.00979962
-0.00309676
0.0077784
0.00168519
0.00314857
0.0108126
-0.00502356
0.00188428
0.00299404
-0.0012866
-0.000953755
-0.00789487
-0.00415289
-0.0124391
0.00150274
0.0116937
0.0105948
0.0124124
0.000976684
-0.00471856
0.00669152
-0.00322642
-0.00106967
-0.00212527
-0.00612762
0.00672282
0.0159244
-0.0176825
0.00293321
0.0103148
0.00962794
-0.00386094
0.00913051
0.0171211
0.00117424
0.0142325
0.0184966
0.00953371
-0.0118109
-0.00212355
0.00399658
-0.0035451
0.00342721
-0.0112572
-0.00839953
0.0107964
-0.000408749
-2.3698e-05
-0.00598793
0.018829
-0.0134498
0.00305207
0.00111778
0.000998882
-0.00148061
0.0143179
0.0034746
0.000962119
-0.0104548
-0.0082126
-0.0112374
0.00384895
-0.0119556
-0.00292443
-0.000552206
-0.00128241
0.00601628
-0.00895519
-0.00711939
0.0179157
-0.00908097
-0.00608402
5.68385e-05
0.00129544
0.00605786
0.0136975
-0.00433339
0.00464906
-0.000103168
-0.0127578
-0.00384567
0.00681747
-0.0122705
0.00930466
-0.010094
-0.00651507
-0.00497045
-0.00330652
0.00375384
0.0061633
-0.00892824
0.00463213
0.0159323
0.013399
-0.010469
0.0151738
0.00807591
0.00933075
-0.00162128
-0.00210968
-0.0185687
-0.00941545
0.000250999
-0.00697794
0.00674179
-0.00765829
-0.00242872
-0.0154481
-0.0152198
0.00785795
-0.00140782
0.00294615
0.00207333
0.00247348
0.00943747
-0.0112633
0.0132139
-0.0111956
-0.0119258
-0.0040051
-0.0189881
-0.00737049
0.00678529
-0.00791323
-0.0033928
0.00882631
0.00150162
0.00186746
0.00257452
-0.0174478
0.00470474
0.00288076
-0.00644014
-0.0115662
-0.00501346
-0.00207517
0.015715
-0.00246877
0.0106854
-0.00740905
0.0110375
0.00249202
-0.00828512
-0.00536073
0.00870041
0.00630139
0.0129048
0.00984894
0.00086735
0.00957356
0.00418636
-0.00667287
-0.00194728
-0.00054799
0.00195118
0.0160308
-0.00653979
-0.0174218
0.00140748
0.000939335
-0.00264142
0.0020382
-0.00505196
0.0167281
-0.0113049
0.0131441
-0.00914964
-0.00869201
-0.0026704
0.0191161
-0.017197
-0.00920533
0.0107201
0.00438794
0.0150149
0.000760603
-0.00890683
0.00116203
-0.00678888
