0.143712 0.139074 0.136597 0.133996 0.131651 0.129968 0.127069 
0.144035 0.138161 0.136297 0.134926 0.13109 0.13009 0.127332 
0.143559 0.139145 0.136657 0.134227 0.131448 0.129838 0.127032 
0.143758 0.138394 0.136605 0.134758 0.13077 0.130226 0.12715 
0.143919 0.13895 0.136553 0.134531 0.131089 0.129993 0.127131 
0.143395 0.138188 0.136622 0.135007 0.13071 0.129912 0.12688 
0.143765 0.139191 0.136129 0.134445 0.131239 0.129637 0.127097 
0.143885 0.138454 0.136387 0.134493 0.13076 0.130206 0.126801 
0.143926 0.138805 0.136319 0.134386 0.131162 0.130192 0.127001 
0.143506 0.138533 0.136202 0.134024 0.130911 0.130045 0.126972 
0.143578 0.13901 0.13665 0.134492 0.131637 0.130117 0.127265 
0.144056 0.138788 0.13659 0.134316 0.130993 0.130273 0.127081 
0.143358 0.139052 0.136701 0.134432 0.13105 0.129548 0.127276 
0.144352 0.138375 0.136299 0.134496 0.130981 0.13042 0.127384 
0.144117 0.138445 0.136288 0.134022 0.130983 0.130277 0.127071 
0.143499 0.139096 0.136855 0.134459 0.131551 0.129738 0.127079 
0.143637 0.138969 0.136581 0.134607 0.131207 0.130157 0.12706 
0.144022 0.138604 0.136596 0.134223 0.131112 0.130312 0.126959 
0.144222 0.138541 0.136287 0.134435 0.130922 0.130353 0.127061 
0.143884 0.138873 0.136282 0.13457 0.131237 0.13007 0.127256 
0.143771 0.138676 0.136323 0.134423 0.131121 0.130196 0.127084 
0.143728 0.138654 0.136511 0.134454 0.13119 0.130098 0.127158 
0.144441 0.138372 0.135932 0.134844 0.130823 0.130186 0.127114 
0.143862 0.13859 0.136705 0.134774 0.131423 0.129971 0.126978 
0.144121 0.138731 0.136406 0.134627 0.130869 0.130206 0.127227 
0.144166 0.138124 0.136014 0.134631 0.130532 0.130359 0.12682 
0.143926 0.138959 0.137336 0.134579 0.131818 0.130129 0.127463 
0.144335 0.137924 0.136038 0.133953 0.130734 0.130842 0.126959 
0.14414 0.138731 0.136587 0.134576 0.131337 0.130284 0.127208 
0.144072 0.138485 0.136549 0.134669 0.131275 0.130004 0.127079 
0.143522 0.138919 0.136578 0.134355 0.131221 0.129954 0.126855 
0.143714 0.138623 0.136602 0.134981 0.131019 0.13017 0.127187 
0.143674 0.138983 0.136338 0.134259 0.131045 0.130208 0.127182 
0.143686 0.139114 0.136597 0.134098 0.131043 0.130021 0.12693 
0.143468 0.139252 0.136966 0.134493 0.131476 0.129802 0.126912 
0.143634 0.138885 0.136678 0.134194 0.131439 0.129351 0.127282 
0.144265 0.138617 0.135988 0.134586 0.130979 0.13046 0.127488 
0.143364 0.139071 0.136278 0.13442 0.131118 0.130057 0.126991 
0.144146 0.13906 0.136356 0.134562 0.131543 0.129495 0.127 
0.143387 0.139152 0.136542 0.134289 0.131097 0.129942 0.126955 
0.143661 0.138746 0.136726 0.134133 0.131274 0.129916 0.126956 
0.143974 0.139118 0.136643 0.134358 0.131842 0.130097 0.127131 
0.143959 0.138798 0.136497 0.134646 0.131386 0.129793 0.12722 
0.143841 0.138854 0.136507 0.13439 0.131121 0.130278 0.127273 
0.143949 0.138825 0.136514 0.13463 0.130994 0.130299 0.127162 
0.143634 0.139011 0.136582 0.134192 0.131237 0.129989 0.127036 
0.144623 0.138305 0.136578 0.134631 0.130929 0.13035 0.127256 
0.144201 0.137656 0.136244 0.134915 0.131113 0.130628 0.126888 
0.143793 0.138768 0.136173 0.134142 0.131238 0.130457 0.127044 
0.143923 0.138864 0.136367 0.134461 0.131157 0.130282 0.127097 
0.143915 0.138614 0.136232 0.134271 0.130586 0.130314 0.127077 
0.14403 0.138568 0.136146 0.133798 0.130924 0.129807 0.127108 
0.144034 0.138359 0.136416 0.134002 0.131125 0.130132 0.127281 
0.144007 0.138274 0.135943 0.134185 0.130809 0.129894 0.127021 
0.143705 0.138927 0.136508 0.134536 0.131311 0.12985 0.127166 
0.143942 0.1384 0.136415 0.134623 0.131206 0.130023 0.12714 
0.143223 0.139457 0.13677 0.134383 0.131293 0.129488 0.126819 
0.143688 0.138729 0.136714 0.13449 0.131352 0.12966 0.127337 
0.143699 0.13887 0.136767 0.134659 0.131038 0.130116 0.127084 
0.143986 0.138707 0.13615 0.134422 0.130734 0.130164 0.127066 
0.14361 0.139178 0.136812 0.134442 0.131323 0.130072 0.127375 
0.143814 0.138874 0.136278 0.134064 0.131249 0.129868 0.126996 
0.143975 0.138526 0.136705 0.133828 0.130735 0.13022 0.126893 
0.143363 0.138832 0.136495 0.134251 0.131137 0.13001 0.126953 
0.143141 0.138833 0.136528 0.134059 0.130799 0.129418 0.126929 
0.144153 0.138763 0.13648 0.13448 0.131163 0.130347 0.127293 
0.143309 0.139147 0.136675 0.134372 0.131154 0.12976 0.126971 
0.143443 0.139266 0.136439 0.134521 0.13138 0.129796 0.126978 
0.144055 0.138425 0.136092 0.134747 0.130948 0.130266 0.127284 
0.143985 0.138361 0.136375 0.134938 0.130879 0.130334 0.127131 
0.14364 0.138769 0.136394 0.134284 0.131015 0.1299 0.12719 
0.14392 0.138834 0.136584 0.134332 0.131279 0.129786 0.126946 
0.143948 0.138712 0.136261 0.134326 0.13124 0.130207 0.127044 
0.143714 0.139109 0.136877 0.134381 0.131262 0.1298 0.127113 
0.143494 0.13879 0.136622 0.134046 0.131351 0.129803 0.127246 
0.143471 0.13889 0.136648 0.133986 0.131215 0.129768 0.127051 
0.14436 0.138656 0.135804 0.134558 0.131376 0.13028 0.126994 
0.143659 0.139061 0.13629 0.134439 0.130956 0.130028 0.12698 
0.14361 0.13853 0.13697 0.13471 0.131031 0.129726 0.127427 
0.143537 0.138834 0.136661 0.13417 0.131433 0.129697 0.127153 
0.144093 0.138253 0.136947 0.133851 0.131349 0.129944 0.127113 
0.144438 0.138033 0.136468 0.134102 0.131454 0.13053 0.127503 
0.143962 0.138925 0.136716 0.134579 0.131309 0.130014 0.127303 
0.144162 0.137707 0.13619 0.134423 0.130511 0.130182 0.127232 
0.143774 0.138831 0.136262 0.134439 0.131074 0.130237 0.127141 
0.144251 0.138049 0.136361 0.13448 0.130575 0.130198 0.127314 
0.143885 0.138697 0.136325 0.134747 0.131095 0.130141 0.127141 
0.143782 0.139062 0.136195 0.134295 0.131187 0.13 0.12708 
0.144106 0.138474 0.136697 0.134893 0.131048 0.130261 0.127134 
0.143744 0.139014 0.136305 0.134398 0.131126 0.129752 0.126959 
0.143642 0.139068 0.136557 0.134378 0.131232 0.129988 0.126949 
0.143213 0.138534 0.136891 0.133919 0.130998 0.130126 0.126803 
0.14389 0.138297 0.136446 0.134221 0.130442 0.129635 0.127444 
0.14333 0.139123 0.136893 0.134525 0.131387 0.129834 0.126886 
0.143774 0.138829 0.136562 0.134459 0.131422 0.130158 0.127029 
0.143619 0.138835 0.136339 0.134425 0.131395 0.130217 0.127226 
0.143155 0.139487 0.136652 0.134345 0.131636 0.129524 0.12709 
0.144178 0.138107 0.137242 0.135392 0.131236 0.130174 0.126814 
0.143914 0.139054 0.136403 0.134124 0.131185 0.129781 0.127143 
0.14362 0.13917 0.136483 0.134439 0.131556 0.129716 0.127062 
0.143793 0.138118 0.136572 0.134227 0.13068 0.129742 0.127216 
0.143561 0.139082 0.136744 0.134198 0.131182 0.129746 0.12692 
0.143819 0.138811 0.13664 0.134333 0.13135 0.129814 0.12722 
0.143669 0.138994 0.136345 0.134194 0.131243 0.129752 0.12699 
0.14377 0.138811 0.136506 0.134335 0.131074 0.129873 0.12682 
0.144009 0.138361 0.13625 0.134756 0.130766 0.130321 0.127125 
0.144166 0.138286 0.136311 0.134842 0.130848 0.130268 0.127129 
0.143733 0.138891 0.136369 0.134672 0.131 0.129938 0.127064 
0.143495 0.139212 0.137066 0.134373 0.13163 0.129596 0.126931 
0.143886 0.138395 0.135837 0.134566 0.131148 0.129857 0.127266 
0.143452 0.138745 0.137069 0.134519 0.131124 0.13039 0.127035 
0.142805 0.139106 0.136702 0.135412 0.130849 0.130037 0.126715 
0.144018 0.138894 0.136399 0.134344 0.131092 0.129575 0.127083 
0.143925 0.13877 0.136334 0.134549 0.131031 0.130001 0.127186 
0.143643 0.139467 0.136674 0.134342 0.131239 0.129972 0.126966 
0.143656 0.138641 0.136805 0.134057 0.131328 0.129775 0.127215 
0.144158 0.138686 0.136419 0.134411 0.131035 0.130334 0.127167 
0.144163 0.13886 0.136837 0.13453 0.131748 0.130358 0.127159 
0.14385 0.138495 0.136726 0.134621 0.131359 0.130076 0.127056 
0.14345 0.139253 0.137048 0.134391 0.131663 0.130095 0.12718 
0.143551 0.138848 0.136657 0.134279 0.13114 0.129919 0.126877 
0.14364 0.138851 0.13666 0.134293 0.131203 0.129977 0.127054 
0.144436 0.138622 0.136005 0.134251 0.131293 0.130328 0.127116 
0.144694 0.137764 0.136326 0.134223 0.130819 0.130201 0.127542 
0.14363 0.138971 0.136538 0.134259 0.131253 0.129922 0.127222 
0.143912 0.138847 0.136437 0.134615 0.131 0.130026 0.127136 
0.143789 0.138713 0.136672 0.134639 0.130769 0.130387 0.12715 
0.143438 0.139103 0.13692 0.134264 0.131488 0.129729 0.127023 
0.14363 0.139189 0.136476 0.134206 0.131192 0.12977 0.12712 
0.143969 0.139041 0.1363 0.134196 0.13118 0.129806 0.127139 
0.143845 0.138723 0.136427 0.134616 0.131009 0.130561 0.127221 
0.143953 0.138546 0.136344 0.13425 0.13109 0.129896 0.127249 
0.143668 0.139149 0.136543 0.13429 0.131013 0.129907 0.127093 
0.143879 0.138495 0.136319 0.134086 0.130816 0.13015 0.127152 
0.143586 0.138982 0.136851 0.134511 0.13152 0.129858 0.127247 
0.14346 0.139065 0.13682 0.134252 0.131381 0.129697 0.127037 
0.143532 0.139111 0.136537 0.134402 0.131393 0.129752 0.127216 
0.144 0.139021 0.136358 0.134661 0.131138 0.13027 0.127012 
0.144295 0.138077 0.136234 0.134713 0.130594 0.130242 0.127091 
0.144101 0.138847 0.136526 0.134653 0.131161 0.130426 0.127219 
0.143934 0.138586 0.136182 0.134537 0.131019 0.13033 0.127133 
0.143413 0.139046 0.136665 0.134103 0.131328 0.129694 0.126998 
0.143594 0.139216 0.136442 0.134376 0.131034 0.129965 0.12702 
0.143615 0.138984 0.1367 0.134149 0.131079 0.129905 0.126907 
0.144029 0.138767 0.136394 0.134552 0.131233 0.13004 0.127214 
0.143845 0.138737 0.136612 0.134599 0.131354 0.129999 0.127119 
0.144195 0.138398 0.136232 0.134374 0.130868 0.129665 0.127285 
0.144145 0.138475 0.136694 0.134298 0.131278 0.130234 0.12716 
0.143547 0.138415 0.136543 0.13485 0.13103 0.130103 0.127204 
0.1437 0.139062 0.136718 0.134001 0.131257 0.129963 0.127074 
0.1433 0.139024 0.136754 0.134504 0.131197 0.129665 0.12715 
0.143248 0.139431 0.1367 0.133994 0.131544 0.129523 0.126991 
0.143943 0.138732 0.136543 0.134304 0.131553 0.12965 0.127419 
0.143523 0.139093 0.136796 0.134688 0.13139 0.129538 0.12682 
0.14343 0.139157 0.136807 0.134415 0.131364 0.129556 0.127063 
0.143533 0.138839 0.136308 0.13406 0.131196 0.129842 0.126995 
0.143513 0.139159 0.136718 0.134533 0.131583 0.129769 0.127151 
0.14352 0.138534 0.13638 0.134665 0.130865 0.129925 0.126801 
0.143541 0.139051 0.136579 0.134332 0.131357 0.129874 0.127002 
0.144094 0.138552 0.1361 0.134466 0.130857 0.12996 0.127167 
0.143321 0.139207 0.136576 0.134314 0.131055 0.129966 0.127065 
0.143822 0.139054 0.136263 0.134301 0.131436 0.129717 0.127256 
0.143932 0.139109 0.136492 0.134345 0.131328 0.129646 0.12689 
0.143722 0.138786 0.136745 0.134422 0.131374 0.129797 0.126994 
0.143513 0.13927 0.136197 0.134508 0.130932 0.129973 0.12696 
0.143585 0.139091 0.136917 0.134364 0.131828 0.130302 0.127095 
0.143864 0.139082 0.136761 0.134512 0.13149 0.129894 0.127216 
0.143989 0.138667 0.135881 0.134462 0.130909 0.129937 0.127033 
0.143794 0.138436 0.136215 0.134618 0.130719 0.129909 0.126881 
0.143744 0.13831 0.136395 0.134677 0.130997 0.129879 0.127196 
0.143458 0.139144 0.136881 0.134284 0.131267 0.130007 0.126908 
0.143387 0.139095 0.136785 0.134254 0.131074 0.129994 0.127084 
0.143733 0.139161 0.136726 0.134383 0.131535 0.129781 0.126799 
0.144121 0.138213 0.136393 0.13474 0.130548 0.129777 0.127498 
0.143551 0.138981 0.136666 0.134238 0.131396 0.129733 0.127185 
0.143593 0.138978 0.136886 0.134282 0.131419 0.129898 0.127049 
0.143628 0.139255 0.136406 0.13413 0.131211 0.129876 0.127129 
0.143913 0.138775 0.136184 0.134194 0.131224 0.129884 0.127002 
0.143433 0.138729 0.136543 0.134672 0.131364 0.129824 0.127093 
0.143467 0.138952 0.136533 0.134364 0.131043 0.129879 0.127104 
0.14371 0.138599 0.13616 0.134259 0.13073 0.129816 0.126816 
0.143528 0.139129 0.136684 0.134185 0.131346 0.129838 0.127047 
0.143995 0.138747 0.136288 0.134669 0.130682 0.130024 0.127048 
0.143932 0.138865 0.136177 0.134385 0.131023 0.129928 0.127039 
0.144033 0.138186 0.136444 0.134246 0.130667 0.130283 0.126927 
0.144082 0.138673 0.136277 0.134323 0.131071 0.129813 0.127057 
0.144059 0.138713 0.136291 0.134679 0.131056 0.130591 0.127306 
0.144597 0.138459 0.13618 0.134855 0.131433 0.129942 0.127127 
0.14329 0.13945 0.136525 0.134238 0.131216 0.129655 0.127098 
0.14414 0.138184 0.13608 0.133874 0.130663 0.130121 0.12651 
0.143489 0.139149 0.136851 0.134155 0.13144 0.129786 0.127175 
0.144185 0.138211 0.136341 0.134562 0.130776 0.130337 0.126945 
0.143424 0.138014 0.13689 0.135058 0.130968 0.130542 0.126788 
0.144163 0.138258 0.136634 0.134523 0.13117 0.130078 0.127238 
0.14374 0.13902 0.136595 0.134555 0.131206 0.12994 0.126992 
0.143897 0.138964 0.136646 0.134494 0.131374 0.13003 0.127259 
0.143881 0.138526 0.136082 0.134464 0.130809 0.130154 0.127113 
0.144017 0.138523 0.136081 0.134416 0.130724 0.130318 0.127072 
0.143845 0.139099 0.136507 0.13442 0.131125 0.129911 0.127186 
0.143555 0.138917 0.136456 0.134236 0.131152 0.130042 0.127055 
0.144171 0.13872 0.136331 0.134645 0.131129 0.130262 0.127243 
0.14407 30.136383  0.134435 0.131113 0.12989 
.1271982 0.134733 
0.144063 0.138574 0.136253 0.13456 0.130837 0.130438 0.127037 
0.143725 0.138675 0.136065 0.134039 0.13055 0.129777 0.126722 
0.143752 0.138977 0.136609 0.134216 0.131247 0.130081 0.127028 
0.143402 0.139295 0.136891 0.134079 0.131607 0.129912 0.126915 
0.143967 0.138604 0.136637 0.134728 0.130827 0.130029 0.12711 
0.143567 0.139022 0.136772 0.134627 0.131128 0.129809 0.127237 
0.143615 0.138967 0.136347 0.134411 0.130911 0.13014 0.127235 
0.143955 0.138768 0.136117 0.134337 0.131293 0.130264 0.127166 
0.144032 0.138839 0.13627 0.134644 0.131217 0.130013 0.127076 
0.144276 0.13854 0.136459 0.134458 0.131137 0.13045 0.127152 
0.144081 0.138593 0.136272 0.134625 0.131062 0.130227 0.126985 
0.143831 0.139048 0.136557 0.13462 0.13117 0.129877 0.127086 
0.143662 0.139144 0.136772 0.134331 0.131421 0.12992 0.1272 
0.14416 0.138101 0.136213 0.134042 0.130964 0.129976 0.12724 
0.14357 0.138325 0.136531 0.134375 0.131058 0.129587 0.126929 
0.143586 0.139003 0.136902 0.134352 0.131386 0.12973 0.127078 
0.143544 0.13906 0.136854 0.134485 0.131283 0.12998 0.126993 
0.143875 0.139041 0.136542 0.134246 0.130925 0.130022 0.126871 
0.143828 0.138002 0.136216 0.133911 0.130641 0.12954 0.127058 
0.143405 0.139042 0.136776 0.13437 0.131336 0.129811 0.12716 
0.143696 0.139063 0.13669 0.134132 0.131191 0.129902 0.127154 
0.143566 0.139169 0.136566 0.134476 0.131319 0.130088 0.126926 
0.143734 0.139163 0.136401 0.134163 0.131232 0.129761 0.126983 
0.144016 0.138197 0.136182 0.133676 0.130487 0.129925 0.126593 
0.144061 0.138381 0.136424 0.134495 0.131076 0.130488 0.12708 
0.143971 0.138467 0.136463 0.134693 0.131117 0.130656 0.127132 
0.144313 0.138433 0.136694 0.134525 0.131778 0.130445 0.127121 
0.143896 0.138478 0.136394 0.134522 0.130676 0.129933 0.126989 
0.14362 0.138457 0.136637 0.134384 0.130537 0.12972 0.126909 
0.142997 0.139407 0.136633 0.134228 0.131516 0.129699 0.126905 
0.143712 0.138771 0.136459 0.134612 0.131042 0.13025 0.127098 
0.143405 0.138993 0.136589 0.134163 0.131079 0.129982 0.126932 
0.143368 0.139006 0.136614 0.134186 0.131231 0.129616 0.127123 
0.143692 0.138808 0.136464 0.134708 0.131149 0.130046 0.127068 
0.143889 0.138992 0.136164 0.134294 0.131297 0.12983 0.127412 
0.143588 0.138637 0.136559 0.134422 0.130883 0.129782 0.126915 
0.143489 0.139277 0.136779 0.134417 0.131302 0.12999 0.127135 
0.143898 0.138768 0.136568 0.13465 0.130901 0.129797 0.126927 
0.143558 0.138875 0.136741 0.134328 0.131328 0.129861 0.126966 
0.143895 0.13892 0.136209 0.1343 0.130844 0.130136 0.126994 
0.143633 0.138924 0.135904 0.134104 0.130919 0.129872 0.126942 
0.143274 0.139191 0.136742 0.13449 0.131437 0.129773 0.127194 
0.143793 0.138653 0.136543 0.134938 0.131301 0.130208 0.12724 
0.143914 0.137949 0.136353 0.134733 0.131167 0.129931 0.127393 
0.143517 0.138882 0.136724 0.134269 0.131209 0.130012 0.127005 
0.14397 0.138719 0.136332 0.134463 0.13106 0.129843 0.127159 
0.143971 0.139031 0.136684 0.134417 0.131302 0.130193 0.12713 
0.144507 0.138048 0.136083 0.134876 0.130877 0.130405 0.127148 
0.144131 0.138558 0.136409 0.134372 0.130858 0.130608 0.127205 
0.143531 0.139027 0.136606 0.134504 0.130809 0.130094 0.126962 
0.143446 0.139343 0.136328 0.134389 0.131215 0.129651 0.127067 
0.144725 0.138413 0.135844 0.134857 0.130723 0.13089 0.127331 
0.144371 0.138226 0.136634 0.134861 0.130576 0.130747 0.127703 
0.143711 0.138639 0.13636 0.133997 0.130137 0.129945 0.126772 
0.144041 0.138788 0.136191 0.134502 0.131128 0.130172 0.127107 
0.144016 0.138766 0.136356 0.134252 0.131444 0.130223 0.127313 
0.143826 0.138851 0.13629 0.13423 0.131072 0.129855 0.127226 
0.143808 0.138515 0.136442 0.134335 0.131098 0.130293 0.127131 
0.143681 0.138333 0.13684 0.134178 0.131348 0.130366 0.12702 
0.144073 0.138822 0.136441 0.13448 0.13103 0.130185 0.127165 
0.143612 0.138089 0.136171 0.134021 0.130735 0.130023 0.126968 
0.144 0.138511 0.136796 0.134434 0.131305 0.130192 0.127018 
0.143535 0.138784 0.136711 0.134459 0.131318 0.129708 0.127234 
0.143852 0.138784 0.137086 0.134906 0.131429 0.129642 0.127112 
0.143878 0.138576 0.136355 0.134306 0.130964 0.129888 0.126641 
0.143883 0.138868 0.136571 0.134346 0.131436 0.129718 0.127159 
0.144002 0.138057 0.13666 0.134494 0.131186 0.130192 0.126982 
0.144061 0.138608 0.136205 0.134481 0.130798 0.13019 0.127201 
0.144395 0.138439 0.136245 0.134537 0.130782 0.130501 0.127159 
0.143678 0.138865 0.136697 0.134284 0.131196 0.129845 0.126959 
0.143936 0.138919 0.136677 0.134608 0.131459 0.130104 0.127149 
0.143396 0.139023 0.136732 0.134296 0.131367 0.12993 0.127016 
0.143473 0.139349 0.136503 0.133794 0.131486 0.129501 0.127092 
0.143557 0.139004 0.136476 0.134342 0.131368 0.129867 0.127125 
0.144163 0.138132 0.136322 0.134853 0.131093 0.130064 0.127379 
0.143901 0.138668 0.136254 0.134257 0.131045 0.130147 0.126994 
0.143907 0.139003 0.13629 0.134293 0.131172 0.129628 0.127085 
0.143593 0.139222 0.13684 0.134323 0.131378 0.129964 0.127118 
0.143904 0.138585 0.136254 0.134785 0.131041 0.129933 0.127326 
0.143708 0.138988 0.13665 0.13449 0.131423 0.129735 0.12708 
0.143947 0.138731 0.136527 0.134507 0.130997 0.130049 0.127149 
0.143491 0.139071 0.136574 0.134165 0.13129 0.129788 0.126964 
0.14378 0.138501 0.136348 0.134416 0.131007 0.130145 0.126847 
0.144015 0.138336 0.136444 0.133881 0.13127 0.130028 0.127172 
0.143875 0.138778 0.136402 0.134378 0.131332 0.129942 0.127016 
0.143592 0.13903 0.136735 0.134575 0.131654 0.129808 0.127124 
0.144294 0.137842 0.136752 0.134453 0.13112 0.130624 0.127121 
0.144428 0.13855 0.136304 0.134544 0.130572 0.130767 0.127133 
0.143387 0.139267 0.136907 0.134282 0.131298 0.129887 0.127235 
0.144144 0.137801 0.136083 0.134258 0.130794 0.12985 0.126812 
0.143605 0.139051 0.136818 0.134392 0.131147 0.129965 0.127023 
0.14407 0.138461 0.136434 0.133542 0.131272 0.130333 0.126913 
0.14367 0.138856 0.136981 0.134516 0.131394 0.129855 0.127261 
0.143836 0.138889 0.136215 0.13436 0.131097 0.129817 0.127128 
0.143987 0.138519 0.136675 0.134799 0.131257 0.130257 0.127264 
0.143509 0.13917 0.136619 0.134247 0.13137 0.129903 0.127102 
0.143783 0.13924 0.136235 0.134448 0.130798 0.130143 0.127001 
0.143555 0.138903 0.136834 0.134186 0.1316 0.129702 0.126918 
0.144121 0.138825 0.136482 0.134486 0.131168 0.129909 0.126911 
0.144113 0.138612 0.136464 0.134149 0.131096 0.129882 0.127055 
0.143732 0.138973 0.136635 0.134259 0.131416 0.129673 0.127155 
0.143905 0.138445 0.136254 0.134574 0.13097 0.129865 0.127135 
0.143732 0.138863 0.136718 0.134261 0.131362 0.129721 0.127141 
0.143937 0.138847 0.136253 0.134185 0.131223 0.130301 0.127112 
0.143975 0.138692 0.136404 0.13473 0.131009 0.130291 0.127143 
0.143307 0.139323 0.136534 0.134243 0.13148 0.129493 0.126909 
0.14402 0.138695 0.136457 0.134415 0.131089 0.129887 0.126694 
0.143398 0.139223 0.136732 0.13442 0.131477 0.129873 0.126987 
0.144008 0.137974 0.1366 0.135093 0.130758 0.12967 0.127387 
0.143776 0.138844 0.136238 0.134494 0.131126 0.130635 0.126989 
0.143554 0.139141 0.136676 0.134303 0.131221 0.13002 0.127196 
0.143734 0.139111 0.136441 0.134488 0.131374 0.129998 0.127135 
0.143631 0.139056 0.136638 0.134329 0.131366 0.129744 0.127012 
0.14368 0.138872 0.136737 0.134519 0.130923 0.130071 0.127156 
0.143427 0.139007 0.136575 0.134191 0.13097 0.130007 0.12699 
0.143661 0.138861 0.136454 0.133971 0.131079 0.129505 0.126953 
0.143627 0.139264 0.136416 0.134111 0.13149 0.130059 0.127156 
0.143514 0.138734 0.136619 0.134096 0.131125 0.129827 0.127108 
0.143693 0.138957 0.136463 0.134206 0.130951 0.130028 0.126921 
0.144726 0.137555 0.136085 0.135183 0.130856 0.13106 0.127408 
0.143618 0.138402 0.136831 0.134356 0.131319 0.129642 0.127137 
0.143523 0.139364 0.136514 0.133964 0.131533 0.129493 0.12692 
0.143969 0.138999 0.136459 0.134489 0.131321 0.129904 0.12717 
0.143859 0.138704 0.136511 0.134649 0.131013 0.129406 0.127439 
0.143433 0.138806 0.136599 0.134276 0.131234 0.129779 0.126967 
0.143312 0.139249 0.136576 0.134537 0.131195 0.129806 0.126908 
0.144162 0.138432 0.136197 0.134751 0.130868 0.13047 0.127104 
0.144401 0.137819 0.136358 0.134737 0.13048 0.130449 0.127324 
0.144014 0.138505 0.136498 0.134787 0.131058 0.130069 0.127096 
0.143877 0.138468 0.136253 0.134098 0.130864 0.129999 0.126987 
0.14338 0.139042 0.137034 0.134384 0.131306 0.12981 0.127133 
0.143556 0.139232 0.136698 0.134288 0.131541 0.129814 0.127173 
0.143725 0.138487 0.136283 0.134559 0.13099 0.129986 0.12701 
0.144642 0.138049 0.136174 0.134694 0.130905 0.129792 0.126843 
0.144065 0.138671 0.136405 0.134665 0.13147 0.130141 0.127155 
0.143766 0.138808 0.136649 0.134377 0.131413 0.12989 0.127281 
0.143539 0.13929 0.136773 0.134468 0.131467 0.129756 0.126966 
0.143834 0.138957 0.136529 0.134299 0.131218 0.129938 0.127161 
0.143785 0.138931 0.136619 0.134256 0.131412 0.129834 0.127369 
0.143689 0.139139 0.136844 0.134449 0.131435 0.129664 0.126998 
0.143996 0.138636 0.136203 0.134752 0.13104 0.130196 0.127144 
0.143845 0.138477 0.136418 0.134119 0.131556 0.129929 0.127003 
0.143737 0.13891 0.136798 0.134214 0.131342 0.129861 0.127214 
0.143592 0.139006 0.136954 0.134483 0.131468 0.130024 0.127098 
0.144541 0.138599 0.136275 0.134594 0.131578 0.130784 0.12733 
0.144105 0.138253 0.136188 0.133906 0.130796 0.13054 0.127297 
0.143839 0.138563 0.136809 0.1347 0.130867 0.130142 0.12706 
0.144382 0.138059 0.136303 0.134874 0.13067 0.13028 0.127256 
0.143309 0.139481 0.136889 0.134265 0.131416 0.129614 0.12703 
0.144036 0.138606 0.136319 0.134434 0.131078 0.129967 0.12721 
0.144035 0.137736 0.136409 0.134205 0.130894 0.13034 0.126987 
0.143404 0.139167 0.136955 0.134275 0.131612 0.13005 0.127192 
0.143532 0.138599 0.135941 0.134243 0.130559 0.129819 0.126846 
0.143967 0.138754 0.136435 0.134451 0.131066 0.130274 0.127136 
0.143712 0.13902 0.136343 0.134367 0.130926 0.130063 0.127157 
0.144036 0.138138 0.136063 0.134245 0.130545 0.129642 0.127367 
0.143704 0.13933 0.136748 0.134353 0.131291 0.12989 0.127038 
0.143932 0.137872 0.136615 0.135416 0.130751 0.129678 0.12692 
0.143372 0.139041 0.136892 0.134411 0.131531 0.129743 0.126977 
0.143733 0.138872 0.136281 0.134751 0.131233 0.130185 0.127211 
0.144046 0.138093 0.13628 0.134345 0.130926 0.130087 0.127225 
0.143417 0.13931 0.136781 0.134276 0.131609 0.129755 0.127121 
0.143883 0.13889 0.136489 0.134361 0.131238 0.129583 0.127019 
0.143639 0.139184 0.136815 0.134288 0.131557 0.129938 0.12725 
0.143679 0.139047 0.13642 0.134401 0.130965 0.130085 0.126841 
0.143811 0.138539 0.136636 0.134306 0.131359 0.130001 0.127238 
0.143459 0.13916 0.136418 0.134073 0.131104 0.129846 0.126796 
0.144025 0.138824 0.136354 0.134444 0.131136 0.129923 0.127159 
0.14372 0.138897 0.136642 0.134323 0.131266 0.129975 0.127243 
0.143955 0.13861 0.13637 0.134814 0.131227 0.129901 0.127332 
0.143827 0.138955 0.136477 0.13448 0.131095 0.130298 0.127038 
0.143704 0.139023 0.136761 0.134292 0.131494 0.129525 0.127263 
0.143599 0.138975 0.136706 0.134291 0.131371 0.129896 0.126965 
0.143507 0.139135 0.136884 0.134713 0.131331 0.129706 0.127041 
0.143899 0.139014 0.136519 0.134476 0.131246 0.129949 0.127223 
0.143592 0.138948 0.136449 0.134853 0.131075 0.13022 0.12727 
0.143857 0.138488 0.136644 0.134885 0.13107 0.12975 0.127138 
0.143492 0.138677 0.136457 0.134297 0.131309 0.129908 0.127092 
0.14409 0.138718 0.136278 0.134325 0.131053 0.129857 0.127372 
0.143854 0.138482 0.136696 0.13462 0.131129 0.130132 0.127103 
0.143962 0.138774 0.13651 0.134466 0.131238 0.12978 0.127036 
0.143815 0.139001 0.136747 0.133902 0.131085 0.130113 0.127209 
0.144337 0.137814 0.136596 0.134476 0.130808 0.129887 0.127341 
0.14423 0.138078 0.136398 0.13493 0.130741 0.13038 0.127269 
0.143625 0.139332 0.136727 0.134347 0.131368 0.130052 0.12717 
0.144538 0.138178 0.136624 0.134156 0.131239 0.130798 0.126972 
0.14418 0.138725 0.136303 0.134545 0.131034 0.130311 0.127135 
0.143884 0.138284 0.136132 0.134172 0.130963 0.129758 0.127085 
0.143566 0.138977 0.136442 0.134254 0.131215 0.130024 0.126986 
0.143857 0.138741 0.136272 0.134429 0.131316 0.129856 0.127214 
0.143831 0.138708 0.136022 0.134101 0.131167 0.129872 0.127089 
0.143791 0.138786 0.136428 0.134522 0.130974 0.130014 0.127083 
0.144327 0.138149 0.13629 0.134935 0.130764 0.130561 0.127275 
0.144081 0.138605 0.136255 0.134196 0.131027 0.13048 0.127214 
0.144041 0.138806 0.136532 0.134567 0.131113 0.130229 0.127154 
0.143829 0.139033 0.136907 0.134526 0.131577 0.130181 0.127269 
0.144044 0.138505 0.136652 0.135195 0.131051 0.129164 0.127012 
0.143592 0.13893 0.136567 0.134239 0.131132 0.129589 0.127109 
0.144048 0.138758 0.136534 0.134501 0.13131 0.129891 0.127229 
0.143671 0.13845 0.136827 0.134567 0.130335 0.129836 0.127002 
0.143331 0.139306 0.136539 0.134518 0.131163 0.129721 0.126773 
0.143779 0.138689 0.13698 0.134665 0.131617 0.129813 0.127056 
0.143776 0.138608 0.137024 0.134384 0.131114 0.130086 0.127394 
0.143929 0.138379 0.1364 0.134277 0.130958 0.130319 0.126921 
0.143454 0.138879 0.136632 0.134439 0.131151 0.130049 0.12687 
0.144027 0.138346 0.136446 0.134143 0.131118 0.129967 0.127132 
0.143277 0.139244 0.136763 0.134229 0.131321 0.129878 0.126998 
0.143928 0.138919 0.136494 0.134304 0.131351 0.130031 0.126997 
0.143496 0.138954 0.136644 0.134505 0.131304 0.129958 0.126964 
0.143799 0.138428 0.136506 0.134789 0.131038 0.130172 0.126984 
0.144051 0.138215 0.135977 0.134348 0.130722 0.130148 0.126995 
0.143656 0.139079 0.136945 0.134311 0.131394 0.130093 0.12692 
0.143588 0.139059 0.136733 0.134273 0.131251 0.1299 0.127042 
0.143697 0.138863 0.136798 0.134238 0.131451 0.129864 0.127165 
0.143579 0.138869 0.13693 0.134626 0.131427 0.129946 0.1269 
0.143899 0.138825 0.136098 0.134613 0.1312 0.13031 0.127189 
0.14348 0.139337 0.136307 0.134203 0.131046 0.129517 0.127138 
0.143746 0.139156 0.136955 0.134465 0.131072 0.13036 0.126993 
0.144018 0.138719 0.136456 0.134509 0.131062 0.129839 0.126867 
0.14364 0.138773 0.136782 0.133969 0.131413 0.130025 0.126942 
0.1436 0.139284 0.136347 0.13412 0.131336 0.12963 0.127175 
0.143791 0.138281 0.136166 0.138281 0.144022 0.136166 0.130546  0.1271210.129735 

0.143963 0.139196 0.136691 0.134254 0.131454 0.129838 0.127084 
0.143653 0.138839 0.136456 0.133947 0.131121 0.129945 0.127024 
0.143696 0.138894 0.136585 0.134585 0.131358 0.12988 0.127168 
0.144057 0.138777 0.136257 0.134709 0.131068 0.130269 0.127073 
0.144365 0.138168 0.135451 0.134001 0.131051 0.130112 0.1273 
0.143785 0.138046 0.13678 0.134692 0.131124 0.129734 0.126903 
0.144052 0.138623 0.136269 0.134111 0.130996 0.130483 0.127016 
0.14429 0.138235 0.135522 0.134561 0.130815 0.130152 0.127183 
0.143686 0.138645 0.13653 0.134354 0.131315 0.129955 0.126869 
0.143472 0.139176 0.136708 0.134408 0.131563 0.129739 0.127041 
0.14387 0.138632 0.136314 0.134712 0.130817 0.130175 0.127144 
0.143577 0.139108 0.136391 0.134277 0.131166 0.129751 0.127069 
0.143759 0.138807 0.136111 0.134321 0.131152 0.130053 0.127094 
0.144023 0.138667 0.136611 0.134625 0.130988 0.130104 0.126971 
0.143843 0.138298 0.136079 0.134692 0.131111 0.129886 0.127375 
0.144054 0.138689 0.136556 0.134739 0.13113 0.130137 0.127284 
0.144125 0.138382 0.136131 0.134667 0.130843 0.13055 0.127027 
0.143624 0.139135 0.136633 0.134204 0.13142 0.129845 0.12711 
0.143524 0.138899 0.136496 0.134267 0.131045 0.129766 0.127245 
0.143772 0.138867 0.136819 0.134382 0.131243 0.129819 0.127147 
0.143704 0.139123 0.136615 0.134695 0.131282 0.129688 0.127132 
0.143575 0.13888 0.13677 0.134478 0.131329 0.129588 0.127339 
0.143528 0.139134 0.13694 0.134616 0.131642 0.129748 0.126868 
0.143665 0.138542 0.136552 0.134699 0.13037 0.130394 0.126779 
0.14393 0.138684 0.136568 0.134847 0.131321 0.129715 0.127184 
0.143344 0.139386 0.136507 0.134459 0.131291 0.129519 0.127032 
0.143757 0.138694 0.135942 0.134195 0.13091 0.130049 0.126926 
0.143998 0.138802 0.136317 0.134261 0.131404 0.130049 0.127206 
0.14403 0.138771 0.136466 0.134551 0.130974 0.130175 0.127119 
0.143411 0.139095 0.136969 0.134191 0.131456 0.130109 0.127159 
0.143553 0.139077 0.136656 0.13439 0.13112 0.130078 0.127205 
0.143848 0.139079 0.136214 0.134498 0.131017 0.129791 0.127063 
0.144384 0.138162 0.136601 0.134572 0.131089 0.13017 0.127147 
0.144099 0.138608 0.136811 0.13467 0.131062 0.130212 0.12709 
0.144112 0.138614 0.136496 0.134322 0.131294 0.13018 0.12705 
0.144161 0.138306 0.136516 0.134681 0.131421 0.130266 0.127239 
0.143613 0.139039 0.136426 0.134205 0.131155 0.129548 0.126977 
0.143744 0.139049 0.136292 0.133996 0.131092 0.129844 0.126731 
0.143931 0.138993 0.136852 0.134593 0.131746 0.130175 0.127092 
0.144351 0.138362 0.136086 0.13448 0.131144 0.130313 0.127109 
0.143692 0.138839 0.136463 0.134252 0.131104 0.130216 0.127034 
0.144152 0.138618 0.136117 0.134331 0.131047 0.12987 0.127227 
0.143675 0.13885 0.136707 0.134513 0.131035 0.12982 0.127144 
0.14398 0.138835 0.136509 0.134694 0.131191 0.130283 0.127016 
0.143631 0.139154 0.136742 0.134454 0.131457 0.129854 0.126999 
0.143606 0.138587 0.136684 0.134434 0.131171 0.129866 0.127279 
0.143731 0.138789 0.13635 0.134146 0.131082 0.129739 0.127193 
0.144097 0.138566 0.136237 0.134885 0.131436 0.130563 0.12714 
0.143691 0.138934 0.136529 0.134702 0.131403 0.130092 0.127212 
0.144187 0.138237 0.135983 0.134448 0.130857 0.130376 0.127068 
0.143839 0.138614 0.136378 0.134654 0.130746 0.129728 0.127102 
0.143912 0.138656 0.136857 0.134476 0.131027 0.130184 0.12677 
0.144485 0.137958 0.136051 0.134663 0.130657 0.130421 0.127242 
0.143792 0.137901 0.135948 0.133849 0.130125 0.130277 0.126838 
0.143574 0.139248 0.136183 0.134113 0.131346 0.129596 0.126895 
0.144018 0.13844 0.136569 0.134854 0.131575 0.130439 0.126867 
0.143342 0.139161 0.136624 0.134181 0.131318 0.129815 0.127176 
0.14319 0.139019 0.13677 0.134318 0.131281 0.129763 0.126938 
0.143964 0.138801 0.136638 0.134534 0.13102 0.130269 0.127026 
0.143423 0.139187 0.136661 0.134514 0.131379 0.129754 0.126962 
0.144052 0.138986 0.136439 0.134524 0.131243 0.130365 0.127074 
0.144049 0.13869 0.136028 0.134336 0.130944 0.13063 0.127118 
0.143937 0.138826 0.136459 0.134445 0.131252 0.129936 0.127084 
0.144109 0.139001 0.136249 0.133905 0.131164 0.129917 0.127028 
0.143701 0.138866 0.1365 0.134398 0.131516 0.129512 0.127247 
0.143669 0.138969 0.136287 0.134385 0.131005 0.129847 0.126945 
0.144428 0.137915 0.136348 0.135253 0.1307 0.131019 0.126901 
0.144171 0.138169 0.136093 0.134553 0.130637 0.129978 0.126816 
0.143808 0.138214 0.135655 0.134585 0.130418 0.130569 0.126724 
0.143673 0.139124 0.136293 0.134352 0.130853 0.130047 0.126978 
0.144095 0.138731 0.135976 0.134566 0.130839 0.130017 0.127058 
0.143408 0.139169 0.136873 0.134265 0.131439 0.129623 0.127263 
0.143406 0.139146 0.136643 0.134212 0.131263 0.129831 0.126812 
0.143534 0.139202 0.136734 0.134426 0.131335 0.129751 0.127156 
0.143789 0.138558 0.136206 0.133864 0.130738 0.129749 0.127066 
0.143742 0.138888 0.136483 0.134614 0.131111 0.130271 0.12709 
0.143402 0.138823 0.136891 0.13433 0.131557 0.129999 0.12706 
0.144019 0.139069 0.136651 0.13449 0.131279 0.129948 0.12702 
0.144225 0.13857 0.136554 0.134555 0.130966 0.130074 0.127165 
0.143511 0.139007 0.136584 0.134384 0.131133 0.129831 0.127032 
0.144603 0.138384 0.136359 0.134672 0.130762 0.13105 0.12709 
0.143561 0.138912 0.136491 0.134487 0.131268 0.129908 0.126926 
0.144309 0.138252 0.136455 0.133993 0.131171 0.130703 0.127034 
0.143669 0.139224 0.136296 0.134119 0.13096 0.130019 0.126915 
0.144106 0.138219 0.136202 0.134153 0.130619 0.129729 0.126851 
0.144108 0.138475 0.135915 0.134324 0.131239 0.13015 0.127219 
0.143651 0.138882 0.136586 0.134372 0.131402 0.129806 0.126996 
0.144223 0.138248 0.136173 0.134495 0.130785 0.130515 0.127014 
0.144274 0.138122 0.136525 0.13474 0.131155 0.129714 0.127375 
0.143556 0.13913 0.136413 0.134196 0.131039 0.129741 0.126947 
0.143885 0.138997 0.136422 0.134112 0.131449 0.129588 0.126975 
0.14356 0.138925 0.136452 0.134359 0.13139 0.129727 0.127084 
0.14395 0.138703 0.136332 0.134311 0.131015 0.130218 0.127228 
0.144406 0.138756 0.136384 0.134546 0.131086 0.130321 0.126741 
0.144046 0.138216 0.136007 0.134598 0.130815 0.130477 0.127066 
0.144398 0.137933 0.137016 0.134809 0.131394 0.130472 0.127097 
0.144078 0.138765 0.136274 0.134098 0.131334 0.130033 0.126933 
0.144053 0.138622 0.136255 0.134307 0.130961 0.130315 0.127061 
0.144011 0.138898 0.136596 0.134338 0.131215 0.130132 0.127064 
0.143617 0.139188 0.136747 0.134692 0.131653 0.129806 0.127226 
0.143545 0.138994 0.136601 0.134302 0.131286 0.129779 0.127173 
0.143402 0.138991 0.136825 0.134328 0.131435 0.129844 0.126827 
0.144293 0.138232 0.136054 0.134387 0.131172 0.130148 0.127336 
0.143304 0.138998 0.136396 0.134447 0.131503 0.129665 0.127084 
0.143618 0.139237 0.136619 0.134028 0.131433 0.129655 0.127029 
0.143606 0.139044 0.13677 0.134287 0.131201 0.1302 0.127058 
0.143533 0.138854 0.136646 0.134487 0.13132 0.130043 0.127091 
0.144462 0.138691 0.136601 0.134639 0.131203 0.130436 0.126997 
0.143761 0.138695 0.136654 0.134632 0.130909 0.130165 0.127073 
0.143763 0.138818 0.136693 0.134303 0.131909 0.129831 0.127196 
0.143912 0.138845 0.136498 0.134829 0.131074 0.130076 0.127047 
0.143962 0.138522 0.136274 0.134772 0.130928 0.130393 0.127322 
0.143697 0.139163 0.136392 0.134161 0.131462 0.13004 0.127142 
0.143794 0.138963 0.136314 0.134588 0.131152 0.130178 0.127147 
0.144076 0.138791 0.136079 0.134629 0.130917 0.130182 0.12725 
0.143568 0.139051 0.13627 0.134618 0.13105 0.129859 0.127201 
0.143776 0.139032 0.136793 0.134497 0.131513 0.129717 0.126873 
0.143675 0.138901 0.136422 0.134225 0.130849 0.129845 0.127013 
0.143755 0.13847 0.136294 0.135048 0.1311 0.130284 0.127031 
0.143846 0.139106 0.136284 0.13421 0.13122 0.129677 0.126999 
0.144186 0.138252 0.136042 0.134353 0.130764 0.130325 0.126883 
0.143542 0.139165 0.136757 0.134186 0.131459 0.129776 0.127135 
0.143343 0.138799 0.137211 0.134196 0.131302 0.130334 0.126588 
0.144149 0.138498 0.136272 0.134387 0.130944 0.13069 0.127044 
0.143921 0.138163 0.136476 0.134288 0.130778 0.130535 0.127321 
0.144356 0.138296 0.136663 0.134012 0.131373 0.129926 0.127048 
0.143628 0.139246 0.136796 0.134693 0.13136 0.129882 0.127148 
0.144312 0.137888 0.136042 0.134599 0.130654 0.130483 0.126793 
0.143618 0.138991 0.136684 0.134152 0.131128 0.130104 0.12703 
0.143532 0.139326 0.136558 0.134346 0.131455 0.129871 0.126922 
0.144136 0.138708 0.136062 0.13422 0.130821 0.1298 0.127053 
0.143732 0.138994 0.136475 0.134271 0.131081 0.130208 0.126968 
0.144042 0.138372 0.136463 0.134806 0.131034 0.130006 0.127057 
0.144306 0.138078 0.136092 0.134897 0.130841 0.130315 0.127287 
0.144141 0.138642 0.136519 0.134162 0.131198 0.129762 0.126967 
0.143354 0.13928 0.136775 0.134269 0.13151 0.129843 0.127108 
0.144113 0.138445 0.135888 0.134129 0.130647 0.130337 0.126825 
0.143541 0.139342 0.136666 0.13456 0.131188 0.129852 0.127155 
0.143946 0.138646 0.136628 0.134465 0.13139 0.129805 0.127396 
0.144088 0.13876 0.13655 0.134796 0.13087 0.130508 0.127273 
0.143633 0.139082 0.136657 0.134496 0.131413 0.129841 0.127142 
0.143766 0.138838 0.136399 0.13455 0.131042 0.129928 0.127049 
0.143627 0.139072 0.136985 0.134302 0.131563 0.129797 0.127052 
0.144122 0.137926 0.136924 0.135285 0.130786 0.130486 0.127179 
0.143398 0.138823 0.136679 0.13395 0.131335 0.129688 0.127075 
0.144032 0.138785 0.136353 0.134412 0.131376 0.130111 0.127133 
0.144027 0.138902 0.13666 0.134536 0.131305 0.130205 0.127193 
0.143425 0.139102 0.136867 0.134347 0.131336 0.129812 0.127126 
0.144192 0.138178 0.136428 0.134397 0.130791 0.130588 0.127106 
0.143349 0.139254 0.136947 0.134433 0.131418 0.129757 0.127257 
0.14416 0.138594 0.136252 0.134763 0.131479 0.130152 0.12721 
0.144297 0.138285 0.136019 0.134164 0.131362 0.130278 0.127346 
0.143702 0.139324 0.136409 0.134572 0.131075 0.130061 0.127001 
0.144257 0.138435 0.136149 0.134758 0.130934 0.130611 0.127316 
0.143634 0.138762 0.136334 0.134402 0.131099 0.129823 0.127045 
0.144407 0.138193 0.136544 0.134557 0.130878 0.130133 0.127242 
0.143938 0.138698 0.136043 0.1345 0.130956 0.130299 0.1271 
0.14378 0.138908 0.136809 0.134406 0.131267 0.130091 0.127176 
0.143544 0.138989 0.136682 0.134303 0.13123 0.129975 0.126936 
0.144076 0.139132 0.136352 0.134381 0.131123 0.129961 0.126993 
0.143649 0.138707 0.136523 0.134409 0.1313 0.129823 0.127072 
0.144177 0.138779 0.136449 0.134388 0.13139 0.130093 0.127316 
0.14435 0.138294 0.136212 0.134599 0.131149 0.13025 0.127257 
0.143451 0.13895 0.136672 0.134246 0.131261 0.129834 0.126905 
0.143521 0.138659 0.137344 0.13527 0.13067 0.129898 0.126847 
0.143438 0.138955 0.136786 0.134378 0.131477 0.129901 0.126991 
0.143632 0.139141 0.136681 0.134207 0.131462 0.129595 0.1273 
0.143901 0.139059 0.136327 0.134364 0.13111 0.129898 0.127044 
0.14352 0.139435 0.136712 0.134473 0.131428 0.129676 0.126913 
0.14363 0.138926 0.136587 0.134499 0.131112 0.129878 0.126877 
0.143471 0.139351 0.136425 0.134238 0.131336 0.129801 0.127056 
0.144327 0.137705 0.136228 0.134603 0.130761 0.130481 0.127058 
0.144297 0.138498 0.136325 0.134692 0.130956 0.130073 0.127206 
0.143691 0.138937 0.136675 0.134278 0.131386 0.129861 0.126995 
0.143502 0.138987 0.136658 0.134098 0.131272 0.129722 0.127073 
0.143804 0.138837 0.136411 0.134251 0.130918 0.130064 0.127043 
0.144128 0.138283 0.136042 0.13459 0.130864 0.130236 0.127045 
0.143683 0.138798 0.136442 0.134387 0.131141 0.129712 0.12706 
0.143601 0.139007 0.136757 0.134309 0.131491 0.129714 0.127321 
0.143656 0.13893 0.136547 0.134371 0.131191 0.129925 0.126969 
0.143861 0.138373 0.13639 0.134763 0.13098 0.129673 0.126957 
0.143867 0.13877 0.136437 0.134486 0.13112 0.130148 0.127114 
0.143907 0.138612 0.13684 0.134862 0.131156 0.130305 0.127465 
0.143815 0.138667 0.136224 0.134406 0.131086 0.129919 0.127097 
0.143766 0.138985 0.136739 0.134261 0.131404 0.129848 0.127084 
0.144304 0.138091 0.13636 0.13453 0.130694 0.130484 0.127348 
0.143724 0.138799 0.136775 0.13431 0.131457 0.130028 0.126993 
0.143115 0.139052 0.136976 0.134676 0.131001 0.129775 0.127266 
0.144169 0.138548 0.13671 0.134758 0.131196 0.130397 0.12684 
0.143928 0.139024 0.136347 0.134299 0.131205 0.129948 0.126881 
0.143936 0.138585 0.136308 0.134521 0.131152 0.12997 0.127244 
0.143848 0.138541 0.136502 0.134831 0.1307 0.130338 0.127209 
0.143776 0.139051 0.136789 0.134331 0.131443 0.129961 0.127108 
0.143901 0.139082 0.136496 0.134358 0.131125 0.129853 0.126994 
0.143718 0.13885 0.13644 0.134465 0.131157 0.13022 0.127052 
0.14423 0.139019 0.136694 0.134436 0.131515 0.130821 0.127524 
0.145079 0.137395 0.136542 0.134463 0.130453 0.130175 0.126983 
0.143849 0.138511 0.136223 0.134186 0.130924 0.130058 0.126929 
0.143826 0.138852 0.136247 0.134515 0.131228 0.130122 0.127114 
0.143567 0.13887 0.136531 0.134373 0.131284 0.129774 0.127158 
0.143474 0.138944 0.136677 0.134129 0.131334 0.129606 0.127181 
0.143745 0.138846 0.136331 0.134632 0.131141 0.130364 0.126956 
0.144045 0.138867 0.136452 0.134109 0.131347 0.129819 0.127001 
0.144246 0.138156 0.136421 0.133862 0.130953 0.130892 0.126778 
0.143556 0.138942 0.136668 0.13443 0.131339 0.129633 0.127316 
0.144625 0.13828 0.136392 0.134079 0.131064 0.130413 0.127002 
0.143776 0.138653 0.136551 0.134698 0.131012 0.130252 0.127116 
0.143794 0.138957 0.136815 0.134719 0.13159 0.129999 0.127009 
0.143529 0.138989 0.136578 0.134444 0.131135 0.129955 0.127082 
0.144063 0.138843 0.136461 0.134269 0.131181 0.130255 0.126887 
0.144547 0.137787 0.136517 0.134873 0.130686 0.130889 0.127004 
0.143836 0.138987 0.136686 0.134445 0.131269 0.130061 0.127257 
0.144181 0.137885 0.136269 0.134504 0.130557 0.129733 0.127123 
0.143678 0.138907 0.136527 0.134346 0.131277 0.130129 0.127044 
0.14353 0.138878 0.136754 0.134436 0.13136 0.129939 0.126938 
0.144067 0.137741 0.13686 0.134506 0.130706 0.130033 0.126772 
0.143891 0.13895 0.136982 0.134449 0.131663 0.130209 0.127183 
0.14396 0.138543 0.136223 0.134411 0.131127 0.130185 0.12714 
0.143464 0.138918 0.136199 0.134445 0.131265 0.129505 0.127067 
0.144075 0.138149 0.136016 0.134187 0.130871 0.129831 0.127104 
0.143344 0.139062 0.136759 0.134462 0.131281 0.129799 0.127126 
0.144399 0.138242 0.1369 0.134492 0.131214 0.130317 0.127315 
0.143554 0.138847 0.136967 0.134756 0.131258 0.129939 0.127106 
0.143838 0.138847 0.136233 0.134244 0.131028 0.130309 0.126874 
0.144104 0.138551 0.136184 0.134564 0.130789 0.130393 0.127264 
0.143984 0.13858 0.136681 0.134426 0.131423 0.130862 0.127103 
0.143536 0.139275 0.136545 0.134222 0.131357 0.129708 0.127022 
0.143631 0.139072 0.136709 0.134477 0.13143 0.129967 0.126919 
0.143787 0.138946 0.136755 0.134348 0.131527 0.129742 0.127401 
0.143516 0.138496 0.136158 0.134485 0.130582 0.129915 0.126943 
0.143827 0.139006 0.136411 0.134531 0.130976 0.130208 0.127242 
0.144134 0.138771 0.136546 0.134672 0.131612 0.130316 0.127253 
0.143952 0.138825 0.136506 0.13465 0.131187 0.130036 0.127062 
0.14375 0.139094 0.136444 0.134293 0.131493 0.129445 0.127095 
0.144332 0.138523 0.136331 0.134731 0.130892 0.130564 0.127295 
0.143573 0.139036 0.136736 0.134333 0.131421 0.129793 0.127087 
0.144033 0.138519 0.136592 0.134731 0.131088 0.130441 0.127104 
0.143947 0.138651 0.13625 0.134312 0.131219 0.130135 0.127007 
0.143726 0.139147 0.136157 0.134156 0.130858 0.130016 0.126965 
0.143561 0.139143 0.136525 0.134457 0.131276 0.12967 0.127125 
0.14414 0.138381 0.13625 0.134632 0.131203 0.130246 0.127192 
0.143453 0.139316 0.136713 0.134306 0.131291 0.129814 0.127214 
0.143672 0.138642 0.136501 0.134391 0.131199 0.130019 0.127078 
0.143899 0.138562 0.136307 0.134498 0.131031 0.130236 0.127015 
0.144026 0.138512 0.136117 0.134011 0.130396 0.130087 0.126917 
0.143948 0.13838 0.136442 0.134683 0.130914 0.130175 0.127037 
0.144172 0.138175 0.136525 0.134586 0.130515 0.129796 0.127484 
0.143863 0.138925 0.136553 0.134508 0.131272 0.130139 0.126858 
0.143714 0.138605 0.136598 0.134517 0.130817 0.129974 0.127079 
0.14381 0.138677 0.136218 0.134598 0.131143 0.130285 0.127089 
0.144019 0.139007 0.136133 0.134301 0.131185 0.129731 0.126943 
0.143701 0.138888 0.136629 0.134498 0.131324 0.129621 0.127365 
0.143931 0.138863 0.136236 0.134506 0.131131 0.130343 0.127196 
0.14421 0.138272 0.136417 0.134873 0.130836 0.130096 0.127102 
0.143308 0.138778 0.136651 0.134403 0.130907 0.129649 0.12716 
0.143614 0.138956 0.136673 0.13439 0.131136 0.129956 0.12705 
0.143948 0.13898 0.136332 0.134303 0.131241 0.130151 0.127097 
0.143756 0.138859 0.136139 0.134201 0.131163 0.129513 0.126937 
0.144144 0.138197 0.136079 0.134669 0.13032 0.130124 0.127338 
0.143874 0.138571 0.1364 0.134802 0.131001 0.130356 0.127174 
0.143964 0.138343 0.136215 0.134574 0.130852 0.130069 0.127217 
0.143306 0.139155 0.13669 0.134362 0.131285 0.129775 0.127138 
0.144062 0.138892 0.136413 0.134551 0.130961 0.129953 0.127483 
0.144153 0.138512 0.136363 0.13441 0.130917 0.130433 0.126901 
0.143726 0.138463 0.136498 0.134475 0.130806 0.129887 0.127203 
0.143991 0.138135 0.136165 0.134666 0.130991 0.130015 0.127262 
0.144051 0.138766 0.136161 0.134881 0.131122 0.130169 0.127023 
0.143307 0.139265 0.136948 0.134332 0.131175 0.129721 0.12695 
0.143872 0.138926 0.136496 0.13435 0.130981 0.129964 0.12703 
0.14382 0.138768 0.136061 0.13463 0.130953 0.130098 0.127211 
0.144239 0.138419 0.136222 0.134694 0.130966 0.130044 0.127287 
0.144187 0.137937 0.135902 0.134312 0.130495 0.129979 0.127306 
0.143641 0.139064 0.136468 0.134064 0.131347 0.129777 0.127024 
0.14401 0.138932 0.136554 0.134631 0.131318 0.130088 0.127281 
0.144302 0.138553 0.136174 0.134303 0.130817 0.13037 0.12701 
0.144071 0.138134 0.136388 0.134386 0.130893 0.130198 0.127204 
0.143571 0.139112 0.136408 0.134074 0.131346 0.129688 0.126978 
0.144066 0.138809 0.136491 0.133837 0.131244 0.130671 0.127124 
0.144028 0.138569 0.136214 0.134496 0.130708 0.130502 0.127164 
0.143291 0.13924 0.136807 0.134373 0.131678 0.129704 0.127062 
0.143834 0.138818 0.136478 0.134524 0.130847 0.129987 0.127108 
0.144413 0.138163 0.136215 0.13442 0.130985 0.13062 0.126989 
0.14398 0.138755 0.136079 0.134297 0.131111 0.129555 0.127038 
0.143459 0.139088 0.137062 0.134554 0.131657 0.129834 0.126982 
0.143821 0.138855 0.13666 0.134354 0.131274 0.129851 0.126998 
0.143467 0.138875 0.13688 0.134445 0.131188 0.130082 0.12706 
0.144152 0.138664 0.136512 0.134568 0.130909 0.130123 0.127109 
0.143661 0.139054 0.136506 0.134213 0.131217 0.130237 0.126961 
0.144586 0.138036 0.13664 0.134804 0.130561 0.130315 0.127333 
0.143824 0.139127 0.136635 0.134032 0.131228 0.130037 0.126892 
0.143077 0.138984 0.136606 0.134119 0.130693 0.129409 0.126927 
0.143811 0.138815 0.136644 0.134739 0.131078 0.129997 0.127193 
0.14364 0.13921 0.136757 0.134462 0.131514 0.129852 0.127229 
0.143809 0.138886 0.13658 0.134496 0.131068 0.129879 0.12722 
0.143732 0.138791 0.136248 0.134554 0.130904 0.129975 0.127147 
0.143844 0.138851 0.136227 0.134183 0.131056 0.129998 0.127026 
0.143655 0.138901 0.137015 0.13434 0.131511 0.130815 0.126887 
0.143849 0.138362 0.136687 0.133953 0.130832 0.129941 0.126934 
0.143797 0.13848 0.136817 0.135037 0.131079 0.130429 0.127167 
0.144038 0.138909 0.136084 0.134063 0.131425 0.129917 0.127222 
0.143887 0.138086 0.136748 0.134544 0.131068 0.129752 0.127522 
0.143486 0.139034 0.136707 0.134392 0.131441 0.129848 0.126997 
0.143361 0.139327 0.136585 0.134394 0.13121 0.129598 0.12718 
0.143466 0.139112 0.136806 0.134375 0.131374 0.129761 0.127282 
0.143837 0.138765 0.136554 0.134513 0.131039 0.130073 0.127062 
0.143622 0.1391 0.136691 0.134278 0.131287 0.129752 0.127013 
0.143915 0.138859 0.136383 0.134492 0.131109 0.130262 0.127089 
0.143882 0.13904 0.136381 0.134258 0.131134 0.129771 0.12721 
0.14409 0.13827 0.136296 0.134809 0.130709 0.130426 0.12719 
0.143899 0.138788 0.136306 0.134617 0.130946 0.12999 0.126957 
0.144002 0.138711 0.136323 0.134511 0.131152 0.129914 0.127112 
0.144101 0.138341 0.136539 0.134159 0.131099 0.13062 0.126683 
0.143265 0.139394 0.136847 0.134245 0.131422 0.129791 0.127045 
0.143817 0.138791 0.13649 0.134603 0.131178 0.130067 0.126935 
0.143997 0.138758 0.136443 0.134351 0.131253 0.129891 0.127171 
0.143976 0.138762 0.136245 0.134556 0.131091 0.130202 0.127235 
0.143626 0.138928 0.136816 0.134381 0.131562 0.1298 0.127264 
0.144019 0.138726 0.136298 0.134624 0.131034 0.13018 0.127089 
0.14461 0.13816 0.136623 0.134495 0.131235 0.130803 0.127008 
0.144184 0.138596 0.136327 0.134338 0.131403 0.129569 0.127306 
0.144222 0.138608 0.136448 0.134759 0.130902 0.130319 0.127125 
0.144241 0.138488 0.13629 0.134334 0.130986 0.130339 0.127245 
0.144063 0.138942 0.136309 0.134206 0.131197 0.130272 0.126994 
0.143967 0.13901 0.136256 0.134492 0.130899 0.130495 0.127183 
0.144193 0.137997 0.136292 0.134386 0.131008 0.129826 0.127482 
0.144111 0.138326 0.136578 0.134519 0.130973 0.129821 0.127015 
0.144043 0.137759 0.136024 0.134182 0.130934 0.130311 0.127052 
0.143593 0.139235 0.136852 0.13399 0.131528 0.129524 0.127122 
0.143449 0.138481 0.136659 0.134795 0.131175 0.129753 0.127343 
0.143075 0.139723 0.136862 0.13416 0.131566 0.129617 0.127142 
0.143504 0.138639 0.136395 0.134332 0.130677 0.130211 0.127177 
0.142898 0.139592 0.137256 0.134234 0.13131 0.12966 0.126804 
0.143815 0.13875 0.13664 0.134763 0.131488 0.13036 0.127189 
0.143572 0.139209 0.136249 0.134291 0.131251 0.12978 0.126979 
0.143281 0.139117 0.13674 0.134285 0.130922 0.129928 0.127186 
0.143842 0.138562 0.136509 0.134452 0.130909 0.130092 0.127051 
0.143338 0.139308 0.136737 0.134439 0.131538 0.129682 0.127209 
0.143682 0.138733 0.13626 0.134276 0.131048 0.129947 0.126932 
0.143707 0.138821 0.136869 0.134134 0.131424 0.129924 0.127104 
0.143455 0.139099 0.136584 0.134619 0.131205 0.1297 0.127135 
0.143738 0.139014 0.136571 0.134347 0.131403 0.129989 0.127179 
0.143802 0.139024 0.13658 0.134415 0.131312 0.13015 0.127194 
0.143361 0.139076 0.136733 0.134476 0.131326 0.129939 0.126967 
0.144347 0.138501 0.136121 0.134614 0.131079 0.130533 0.127531 
0.144324 0.137974 0.136313 0.134929 0.130984 0.13045 0.127296 
0.14412 0.138986 0.136351 0.13415 0.131311 0.129725 0.127099 
0.144138 0.138618 0.136297 0.134384 0.131267 0.130296 0.127266 
0.143989 0.138568 0.136183 0.134485 0.130876 0.130254 0.127045 
0.14417 0.137668 0.136489 0.135256 0.130608 0.130327 0.127115 
0.143303 0.139158 0.137126 0.134413 0.131342 0.130014 0.12675 
0.144503 0.138153 0.136296 0.134733 0.131142 0.130493 0.127085 
0.143942 0.138589 0.136389 0.134839 0.130702 0.130032 0.127274 
0.143686 0.139137 0.13666 0.134481 0.131556 0.129532 0.12719 
0.143775 0.138566 0.136258 0.134122 0.130996 0.129935 0.127092 
0.143677 0.138926 0.136494 0.134336 0.131113 0.130008 0.127139 
0.143982 0.138137 0.136315 0.134853 0.130513 0.129981 0.126867 
0.144025 0.137989 0.136283 0.134575 0.130954 0.129975 0.127471 
0.143496 0.139291 0.136766 0.134206 0.131559 0.130131 0.127115 
0.143909 0.138643 0.13643 0.134758 0.130989 0.130226 0.127128 
0.143853 0.139006 0.136379 0.1345 0.13139 0.130298 0.127293 
0.143955 0.138753 0.136199 0.134743 0.130932 0.130447 0.12719 
0.143674 0.138941 0.13682 0.13445 0.131336 0.129975 0.127034 
0.143737 0.139051 0.136672 0.134228 0.13108 0.12984 0.127101 
0.143762 0.13903 0.136454 0.134592 0.131177 0.129993 0.127086 
0.143552 0.138949 0.136765 0.134569 0.131441 0.12989 0.126999 
0.14369 0.139053 0.136271 0.134308 0.130831 0.129797 0.127199 
0.143614 0.138716 0.136448 0.134022 0.131326 0.129927 0.127062 
0.143893 0.138937 0.136581 0.134332 0.131321 0.129859 0.127344 
0.143899 0.139065 0.136184 0.134383 0.131298 0.129757 0.127183 
0.14421 0.138795 0.136365 0.134251 0.131075 0.130252 0.127103 
0.143959 0.138731 0.13675 0.134464 0.1311 0.1302 0.127146 
0.144212 0.138527 0.136429 0.134678 0.130987 0.130037 0.126879 
0.143317 0.13914 0.13663 0.134665 0.131462 0.129703 0.127031 
0.143503 0.138945 0.136552 0.134328 0.131246 0.12975 0.126955 
0.143948 0.138602 0.136324 0.134407 0.131227 0.129975 0.127085 
0.144 0.138504 0.136339 0.134626 0.130903 0.130317 0.127145 
0.143706 0.138982 0.136457 0.134119 0.131209 0.129856 0.127068 
0.143543 0.138968 0.135976 0.134218 0.13059 0.12968 0.127173 
0.143728 0.139083 0.136726 0.134578 0.131102 0.129895 0.127147 
0.143793 0.138961 0.137204 0.134452 0.131815 0.130117 0.127197 
0.14381 0.138697 0.136333 0.134481 0.130947 0.12986 0.127292 
0.143762 0.138753 0.136431 0.134661 0.13089 0.130291 0.126921 
0.143765 0.138705 0.136555 0.13448 0.131496 0.130223 0.127064 
0.143783 0.138879 0.136229 0.134399 0.130932 0.130265 0.127107 
0.143703 0.138822 0.136434 0.134223 0.130962 0.13029 0.127102 
0.143314 0.139001 0.136811 0.134202 0.131283 0.130054 0.126886 
0.144051 0.138556 0.136326 0.13437 0.130953 0.13009 0.127119 
0.143688 0.139088 0.136614 0.134191 0.131408 0.12986 0.127174 
0.144301 0.137863 0.13612 0.133975 0.130759 0.129882 0.126862 
0.143616 0.138982 0.136472 0.134278 0.131178 0.129839 0.126822 
0.143655 0.139032 0.136794 0.134291 0.131319 0.129925 0.127166 
0.14439 0.138098 0.13621 0.134597 0.131035 0.130085 0.126835 
0.144184 0.138863 0.136386 0.134646 0.1315 0.130234 0.127214 
0.143883 0.138459 0.136871 0.13456 0.130925 0.130091 0.12708 
0.144307 0.13823 0.136227 0.134976 0.130887 0.130474 0.127209 
0.143932 0.138342 0.136447 0.134344 0.130718 0.130174 0.127076 
0.144188 0.138615 0.136216 0.134391 0.131102 0.130305 0.127326 
0.143696 0.13893 0.136123 0.134346 0.131008 0.129903 0.126883 
0.144641 0.13777 0.136365 0.134634 0.130963 0.130214 0.127532 
0.143487 0.138659 0.136586 0.134233 0.131295 0.12979 0.12733 
0.144003 0.138694 0.136249 0.134199 0.131002 0.130171 0.126968 
0.143721 0.139015 0.136612 0.134216 0.131562 0.130168 0.12699 
0.143456 0.139145 0.136834 0.134632 0.13172 0.129815 0.126907 
0.143686 0.138507 0.136785 0.134571 0.131185 0.129724 0.12737 
0.143606 0.138902 0.136388 0.134075 0.131172 0.130067 0.126994 
0.14437 0.138226 0.136943 0.134603 0.131297 0.129832 0.127883 
0.144385 0.137797 0.136372 0.135119 0.1309 0.130472 0.126903 
0.143901 0.13893 0.136184 0.134306 0.130992 0.130099 0.126996 
0.143658 0.138906 0.136806 0.133995 0.131601 0.130424 0.12724 
0.144491 0.138046 0.136762 0.134893 0.131072 0.130202 0.12685 
0.1432 0.138539 0.136566 0.134451 0.130221 0.129131 0.126804 
0.14399 0.138484 0.136653 0.134342 0.130922 0.130199 0.127077 
0.143786 0.139192 0.13652 0.134303 0.131095 0.12996 0.127077 
0.144436 0.138461 0.135936 0.133881 0.131129 0.130354 0.127563 
0.143935 0.138758 0.136677 0.134497 0.131204 0.130047 0.127079 
0.143854 0.138164 0.136506 0.134028 0.130825 0.130332 0.127033 
0.143236 0.139604 0.136664 0.134216 0.131678 0.129676 0.126977 
0.144061 0.137865 0.13639 0.134179 0.130758 0.130013 0.127025 
0.143667 0.138787 0.136844 0.134291 0.13141 0.129423 0.127238 
0.143774 0.139022 0.13677 0.134586 0.131718 0.129516 0.126944 
0.143387 0.139196 0.136684 0.134237 0.1315 0.129568 0.127167 
0.144144 0.138487 0.136299 0.134826 0.131009 0.130096 0.127367 
0.143557 0.138913 0.136275 0.134564 0.130743 0.130114 0.127052 
0.144024 0.138467 0.136822 0.134299 0.131079 0.130182 0.127123 
0.14357 0.138207 0.136947 0.134426 0.130595 0.130119 0.127145 
0.143231 0.139526 0.136912 0.13457 0.131295 0.129656 0.12693 
0.144332 0.138725 0.136485 0.13438 0.131368 0.130562 0.127415 
0.144097 0.138827 0.136392 0.134651 0.13116 0.13037 0.126878 
0.143174 0.139178 0.136771 0.134306 0.131144 0.129691 0.1272 
0.143956 0.138604 0.135955 0.134479 0.131073 0.130062 0.127055 
0.14383 0.138925 0.1364 0.134281 0.131222 0.130219 0.12711 
0.143722 0.138873 0.13667 0.134255 0.131429 0.129659 0.127155 
0.144162 0.138742 0.136373 0.134555 0.131224 0.130438 0.127131 
0.144705 0.137911 0.136651 0.134875 0.130737 0.130416 0.1274 
0.143817 0.138678 0.136248 0.134288 0.131196 0.129833 0.127086 
0.143601 0.138794 0.136637 0.134462 0.131292 0.129839 0.127316 
0.144228 0.138856 0.136155 0.134639 0.131113 0.130454 0.12712 
0.144271 0.138282 0.135708 0.134044 0.130679 0.130043 0.126851 
0.14377 0.138982 0.136226 0.134355 0.131091 0.130364 0.127052 
0.144285 0.138464 0.136329 0.134533 0.131317 0.130118 0.127221 
0.144042 0.138618 0.136166 0.134385 0.130872 0.130244 0.127043 
0.143402 0.139176 0.137197 0.134619 0.131439 0.129967 0.127018 
0.143482 0.13917 0.136768 0.134255 0.131359 0.129871 0.12697 
0.144065 0.13852 0.136479 0.134728 0.131125 0.129561 0.127066 
0.144008 0.138577 0.136652 0.134436 0.131239 0.130529 0.127018 
0.143663 0.138801 0.136824 0.134406 0.131568 0.13018 0.126997 
0.143906 0.138798 0.136357 0.134245 0.131228 0.130283 0.127007 
0.144024 0.138417 0.136145 0.134739 0.130775 0.130321 0.127347 
0.143911 0.138823 0.136675 0.134277 0.131536 0.130149 0.127099 
0.144201 0.137993 0.136071 0.13444 0.130873 0.130678 0.127093 
0.144031 0.138551 0.136699 0.134963 0.131382 0.130488 0.126945 
0.143152 0.139169 0.136646 0.134315 0.131063 0.129883 0.127054 
0.144125 0.138062 0.136418 0.134359 0.130827 0.129572 0.127242 
0.144063 0.138317 0.136808 0.134833 0.131489 0.129854 0.126907 
0.143685 0.138858 0.136717 0.134796 0.131345 0.130096 0.127192 
0.144657 0.138422 0.136179 0.134609 0.131297 0.130002 0.126995 
0.143513 0.139099 0.136657 0.134166 0.13129 0.129404 0.12704 
0.143724 0.138838 0.136661 0.134405 0.131188 0.129563 0.127133 
0.143353 0.138969 0.136522 0.134202 0.131413 0.129575 0.127059 
0.143992 0.13875 0.136519 0.134605 0.13097 0.130104 0.127132 
0.143759 0.139017 0.136586 0.134483 0.13132 0.129888 0.126825 
0.143639 0.139037 0.136776 0.134225 0.131263 0.129923 0.127114 
0.144188 0.138471 0.13618 0.134342 0.131156 0.130346 0.127143 
0.144077 0.138222 0.136694 0.135159 0.131408 0.130747 0.127192 
0.143574 0.138892 0.136572 0.134117 0.131151 0.129669 0.127229 
0.144056 0.138783 0.13649 0.134591 0.131108 0.130175 0.127006 
0.143858 0.138652 0.136307 0.134224 0.131262 0.129981 0.127124 
0.143794 0.138692 0.136513 0.134302 0.131155 0.130205 0.12698 
0.14366 0.139129 0.136499 0.134509 0.13156 0.129739 0.126943 
0.143061 0.139091 0.136926 0.134505 0.130696 0.130038 0.126911 
0.143429 0.138964 0.136669 0.134232 0.131215 0.129996 0.126897 
0.144048 0.138386 0.136201 0.13455 0.131157 0.130126 0.127415 
0.143606 0.138773 0.136573 0.134293 0.131351 0.129684 0.127319 
0.143377 0.139351 0.136543 0.134204 0.1314 0.129602 0.126888 
0.14384 0.138833 0.136428 0.134458 0.13103 0.130349 0.127094 
0.143729 0.138834 0.136365 0.13465 0.131067 0.130227 0.127173 
0.143919 0.139336 0.136778 0.13451 0.132 0.130039 0.127314 
0.143533 0.138989 0.13673 0.134361 0.131292 0.129967 0.127106 
0.143932 0.138278 0.136232 0.13442 0.131379 0.129923 0.127297 
0.143959 0.138604 0.13647 0.134578 0.131225 0.129909 0.127054 
0.144168 0.138657 0.136432 0.13437 0.130843 0.13041 0.127017 
0.143148 0.139476 0.136547 0.134182 0.131651 0.129629 0.126979 
0.143744 0.13875 0.137034 0.134285 0.131721 0.130249 0.127306 
0.143968 0.138837 0.13679 0.134454 0.131578 0.1303 0.127264 
0.144683 0.138136 0.136165 0.134917 0.130579 0.130469 0.12725 
0.143464 0.13901 0.136767 0.134258 0.131297 0.129939 0.126933 
0.1433 0.139261 0.136737 0.134228 0.13151 0.129757 0.127038 
0.143534 0.139146 0.136688 0.134333 0.131267 0.129974 0.127073 
0.144462 0.138219 0.136273 0.134578 0.131087 0.130232 0.127298 
0.143641 0.138978 0.136798 0.134088 0.131304 0.130058 0.127178 
0.143739 0.13834 0.136119 0.134097 0.130587 0.129599 0.126766 
0.144105 0.138485 0.136382 0.134351 0.131163 0.129797 0.127164 
0.144121 0.138217 0.136172 0.134439 0.130831 0.130338 0.127048 
0.143917 0.138765 0.136353 0.134447 0.131332 0.130119 0.127412 
0.143596 0.139312 0.136468 0.134167 0.131335 0.129731 0.127045 
0.143927 0.138251 0.136202 0.134596 0.131058 0.130292 0.126984 
0.143634 0.13902 0.136613 0.134247 0.13173 0.129716 0.127208 
0.143814 0.138614 0.136026 0.13463 0.131045 0.130226 0.127207 
0.144085 0.138385 0.136477 0.134638 0.131044 0.130111 0.127127 
0.143334 0.13911 0.136866 0.134472 0.131671 0.129755 0.127036 
0.143329 0.139369 0.136493 0.134371 0.131412 0.129686 0.127015 
0.143925 0.138753 0.136392 0.134499 0.131319 0.130163 0.127217 
0.144107 0.138362 0.136225 0.134653 0.130938 0.130243 0.127083 
0.144018 0.138682 0.136375 0.134403 0.13118 0.130099 0.127131 
0.144487 0.137937 0.13656 0.134395 0.130812 0.130309 0.12702 
0.14363 0.139057 0.136161 0.134441 0.131362 0.129758 0.127219 
0.1443 0.137902 0.136357 0.134863 0.130775 0.130549 0.126595 
0.144398 0.138721 0.13627 0.134251 0.131178 0.130203 0.127131 
0.144553 0.1376 0.136404 0.134455 0.130411 0.130423 0.127176 
0.144016 0.138233 0.136515 0.134267 0.130778 0.130531 0.127319 
0.144069 0.138374 0.136165 0.135023 0.131282 0.130468 0.127106 
0.144001 0.138559 0.136319 0.134088 0.130626 0.130333 0.126919 
0.143268 0.13914 0.136955 0.134467 0.131757 0.12988 0.127012 
0.144179 0.137963 0.136719 0.134563 0.130797 0.130241 0.126881 
0.144961 0.137964 0.136399 0.134792 0.131421 0.129809 0.127311 
0.143818 0.138211 0.136823 0.134524 0.131007 0.129955 0.127179 
0.143639 0.139118 0.136523 0.134336 0.131152 0.130151 0.127108 
0.143923 0.138267 0.136298 0.133655 0.131508 0.129981 0.127203 
0.143573 0.139043 0.136565 0.134514 0.131076 0.129809 0.126991 
0.143681 0.138807 0.136566 0.134512 0.131129 0.129528 0.127222 
0.1437 0.138781 0.136817 0.134557 0.131464 0.129876 0.127257 
0.143896 0.13877 0.136208 0.134451 0.131288 0.130089 0.127215 
0.143401 0.139139 0.136805 0.134406 0.131434 0.130056 0.127122 
0.144277 0.138772 0.135972 0.134392 0.131023 0.129804 0.127126 
0.143738 0.137523 0.136329 0.134307 0.131003 0.130183 0.126942 
0.143971 0.138771 0.136373 0.134511 0.131054 0.130095 0.127212 
0.1436 0.1389 0.136671 0.134309 0.131454 0.129909 0.127135 
0.143653 0.139114 0.136545 0.134107 0.131131 0.12979 0.127031 
0.143245 0.139017 0.136734 0.134355 0.131503 0.129875 0.127115 
0.144382 0.138037 0.136185 0.134176 0.13078 0.129984 0.127765 
0.144113 0.138546 0.136495 0.134652 0.131534 0.130095 0.127208 
0.143496 0.138936 0.136614 0.134167 0.131367 0.129684 0.127105 
0.143364 0.138935 0.136678 0.134575 0.131184 0.129512 0.127071 
0.144275 0.138692 0.136114 0.134622 0.131062 0.130109 0.127101 
0.143824 0.138482 0.136677 0.134517 0.131141 0.129704 0.127006 
0.143466 0.139217 0.136513 0.134521 0.131211 0.129575 0.127034 
0.143566 0.139186 0.136791 0.134334 0.131662 0.12963 0.126962 
0.143623 0.138879 0.136737 0.1345 0.131364 0.129974 0.126882 
0.143351 0.139177 0.136655 0.134053 0.131461 0.130048 0.127038 
0.143765 0.138434 0.136714 0.134465 0.131015 0.129829 0.127097 
0.144093 0.138932 0.136202 0.134766 0.130788 0.129642 0.127274 
0.143945 0.138897 0.13637 0.134444 0.131033 0.130293 0.127232 
0.143689 0.139063 0.136324 0.134047 0.131357 0.129597 0.126887 
0.144247 0.138198 0.137021 0.134707 0.131417 0.130248 0.126986 
0.144113 0.13827 0.136378 0.134555 0.131088 0.130597 0.12699 
0.143578 0.138983 0.136774 0.134166 0.131414 0.129886 0.127073 
0.143696 0.138674 0.136377 0.134751 0.131005 0.12987 0.12722 
0.143676 0.139189 0.136683 0.134376 0.131495 0.129655 0.127165 
0.144231 0.138297 0.136296 0.134586 0.131213 0.130191 0.126887 
0.143521 0.139045 0.136791 0.134514 0.131464 0.129798 0.127013 
0.143505 0.139002 0.136746 0.134574 0.130972 0.129875 0.127186 
0.143273 0.13924 0.136864 0.134464 0.131544 0.129852 0.127004 
0.144166 0.138629 0.136176 0.134438 0.130794 0.13037 0.126998 
0.143846 0.138849 0.136943 0.13452 0.131498 0.130213 0.127036 
0.143767 0.139022 0.137027 0.134162 0.131719 0.130111 0.12714 
0.143698 0.138812 0.136421 0.13429 0.131181 0.13001 0.127095 
0.143447 0.139033 0.136641 0.134396 0.131504 0.129974 0.126879 
0.143508 0.139122 0.136811 0.134337 0.131308 0.129785 0.127036 
0.143959 0.138052 0.136294 0.134192 0.130406 0.130217 0.126859 
0.143927 0.138922 0.136467 0.13438 0.131035 0.1301 0.127235 
0.143574 0.139107 0.136774 0.134348 0.13147 0.129833 0.127067 
0.143764 0.138932 0.136673 0.13422 0.131504 0.129573 0.127027 
0.14385 0.138795 0.136426 0.134376 0.131158 0.129912 0.127322 
0.143922 0.139223 0.136619 0.13432 0.131417 0.130209 0.127105 
0.143851 0.138918 0.136431 0.134301 0.131136 0.129854 0.126969 
0.143615 0.139098 0.136861 0.134264 0.131303 0.129893 0.127186 
0.144148 0.13802 0.136893 0.134698 0.13112 0.130715 0.127172 
0.143637 0.139099 0.136904 0.134452 0.131093 0.130133 0.127364 
0.144084 0.138548 0.136517 0.134903 0.131279 0.130193 0.126931 
0.144139 0.138754 0.136565 0.134599 0.131034 0.130021 0.12697 
0.144155 0.138455 0.136256 0.134521 0.130873 0.130257 0.127172 
0.143376 0.13907 0.136565 0.134072 0.131125 0.129819 0.126962 
0.143945 0.138608 0.136284 0.134775 0.130997 0.130229 0.12723 
0.143456 0.138572 0.136629 0.134313 0.130953 0.130097 0.127159 
0.143165 0.139244 0.136712 0.13417 0.131238 0.129746 0.126959 
0.143429 0.138978 0.136368 0.134319 0.131293 0.1301 0.127058 
0.144339 0.138343 0.136026 0.134592 0.131005 0.130627 0.127047 
0.143822 0.138436 0.136599 0.134663 0.130866 0.130652 0.12727 
0.143773 0.138994 0.136726 0.134357 0.131053 0.130225 0.127156 
0.144186 0.138369 0.136601 0.134282 0.130723 0.130259 0.126874 
0.143576 0.138565 0.13691 0.1348 0.131409 0.129963 0.12709 
0.144204 0.138282 0.136458 0.134282 0.131216 0.130198 0.127155 
0.143667 0.138848 0.136518 0.13422 0.131422 0.1296 0.127164 
0.144006 0.138536 0.137167 0.13498 0.131301 0.129802 0.127006 
0.143649 0.13923 0.136489 0.134688 0.131018 0.129838 0.127123 
0.143591 0.138981 0.136494 0.134365 0.131096 0.129883 0.126956 
0.143342 0.139064 0.136755 0.134605 0.131431 0.129613 0.127323 
0.143668 0.13901 0.136392 0.134386 0.130979 0.129693 0.127081 
0.143278 0.139466 0.136638 0.134243 0.131552 0.12952 0.126865 
0.144016 0.138363 0.136246 0.134303 0.131072 0.130562 0.127041 
0.143456 0.139569 0.13671 0.134121 0.131619 0.129766 0.126933 
0.143553 0.139088 0.136512 0.134556 0.131197 0.129698 0.127114 
0.144066 0.13845 0.136429 0.134784 0.131127 0.130305 0.127198 
0.14364 0.139156 0.136695 0.134399 0.131258 0.129751 0.127161 
0.14367 0.138666 0.136389 0.13465 0.130941 0.12974 0.127074 
0.143819 0.13884 0.136555 0.134535 0.131212 0.130037 0.127104 
0.143479 0.138948 0.136817 0.134557 0.13129 0.129836 0.126814 
0.144134 0.138346 0.136095 0.134408 0.130875 0.130278 0.126979 
0.143903 0.138577 0.136383 0.134592 0.131071 0.129854 0.126964 
0.143779 0.138885 0.136204 0.134518 0.131169 0.130016 0.127191 
0.143301 0.139318 0.136815 0.133999 0.131477 0.130066 0.126973 
0.143981 0.138808 0.136383 0.134413 0.131396 0.130044 0.126921 
0.143787 0.138907 0.136549 0.134542 0.131323 0.129859 0.127073 
0.143895 0.138277 0.136465 0.13475 0.130946 0.12996 0.12711 
0.143765 0.139203 0.136709 0.13415 0.131305 0.129935 0.127273 
0.143817 0.138841 0.136278 0.134568 0.131038 0.130095 0.127004 
0.143781 0.13869 0.136473 0.134417 0.131022 0.130217 0.127227 
0.143494 0.13911 0.136105 0.133916 0.130991 0.129792 0.126866 
0.143714 0.1386 0.136691 0.134314 0.131756 0.129764 0.127195 
0.144134 0.138146 0.136498 0.134062 0.130899 0.12993 0.126697 
0.144236 0.138466 0.136218 0.134441 0.130895 0.129785 0.127125 
0.143969 0.139103 0.136564 0.13444 0.131433 0.13056 0.126979 
0.144227 0.138732 0.136512 0.13447 0.131077 0.130426 0.126933 
0.143864 0.138953 0.136565 0.134286 0.131163 0.130345 0.127027 
0.143473 0.138615 0.136486 0.134091 0.130817 0.129688 0.127026 
0.143943 0.13878 0.136634 0.134524 0.131012 0.129908 0.12716 
0.144304 0.138294 0.136065 0.134747 0.130798 0.130637 0.127173 
0.14385 0.138379 0.136149 0.134611 0.130873 0.130271 0.127303 
0.143992 0.138683 0.13631 0.134658 0.130886 0.130394 0.127264 
0.143175 0.139182 0.13691 0.134396 0.13133 0.130083 0.127132 
0.143649 0.138761 0.136466 0.134216 0.131214 0.129973 0.12715 
0.143726 0.138806 0.136675 0.134263 0.131426 0.129733 0.127199 
0.143647 0.138136 0.136201 0.134304 0.130962 0.129723 0.127062 
0.143266 0.139383 0.136746 0.134221 0.131528 0.12953 0.126981 
0.144391 0.138332 0.135986 0.134774 0.130936 0.130484 0.127287 
0.143374 0.139172 0.136776 0.134323 0.131352 0.129906 0.127019 
0.143567 0.138892 0.136515 0.134242 0.131214 0.129689 0.126997 
0.143587 0.139263 0.136469 0.134126 0.131365 0.12997 0.127089 
0.144661 0.138185 0.136288 0.134355 0.131091 0.130244 0.127547 
0.143794 0.138985 0.135994 0.134191 0.131118 0.1299 0.127196 
0.143741 0.139074 0.136207 0.134444 0.131222 0.130054 0.127041 
0.143604 0.138695 0.136834 0.134521 0.131369 0.129543 0.127157 
0.143715 0.139 0.136715 0.134698 0.131578 0.130466 0.127569 
0.143602 0.138848 0.136682 0.134589 0.131175 0.130124 0.127186 
0.143801 0.138353 0.136263 0.134459 0.131041 0.130158 0.127252 
0.143919 0.138825 0.136501 0.134697 0.131256 0.130305 0.127125 
0.143406 0.13906 0.136928 0.134279 0.131279 0.12989 0.126976 
0.144054 0.138217 0.13623 0.133882 0.130983 0.130086 0.127096 
0.143918 0.138442 0.136459 0.134202 0.130679 0.130332 0.126857 
0.143745 0.139029 0.13646 0.134492 0.131269 0.129937 0.12693 
0.143702 0.138765 0.136478 0.135258 0.130892 0.130055 0.127091 
0.143898 0.138762 0.136352 0.134247 0.131333 0.130326 0.126969 
0.143448 0.13919 0.137003 0.134225 0.131553 0.129729 0.12698 
0.143687 0.139054 0.136395 0.134368 0.130974 0.129724 0.126949 
0.143922 0.138802 0.136283 0.134278 0.131159 0.129669 0.126936 
0.14393 0.138925 0.136404 0.134471 0.131275 0.130037 0.127087 
0.143743 0.138694 0.136419 0.134625 0.13105 0.130283 0.127103 
0.144009 0.138754 0.136391 0.134874 0.130998 0.130308 0.127093 
0.143681 0.138934 0.136642 0.134351 0.131324 0.129761 0.127143 
0.144104 0.138402 0.136292 0.134587 0.130912 0.130273 0.127086 
0.143896 0.13891 0.136259 0.13416 0.131079 0.129883 0.126986 
0.144384 0.138499 0.136816 0.134184 0.131125 0.130125 0.126816 
0.144436 0.1387 0.136453 0.134364 0.131248 0.130497 0.127185 
0.143548 0.139092 0.136324 0.134417 0.131232 0.129858 0.1271 
0.143899 0.138601 0.136632 0.134865 0.131127 0.130187 0.127038 
0.14441 0.137438 0.136032 0.134382 0.130654 0.130614 0.127078 
0.14403 0.137711 0.136243 0.134468 0.130741 0.129834 0.127184 
0.143579 0.139201 0.136591 0.134296 0.131609 0.129859 0.127035 
0.144413 0.138218 0.136639 0.134516 0.130976 0.130127 0.127079 
0.143855 0.138613 0.136593 0.134638 0.130997 0.130143 0.127059 
0.143616 0.139154 0.136687 0.134424 0.131314 0.129912 0.12704 
0.143682 0.138992 0.136084 0.13401 0.130928 0.129802 0.127054 
0.143523 0.139081 0.136474 0.134146 0.131129 0.129944 0.127138 
0.143684 0.139145 0.136494 0.13427 0.131127 0.129821 0.126955 
0.143778 0.138513 0.136332 0.134189 0.130827 0.129931 0.127048 
0.144192 0.138488 0.136588 0.134605 0.130624 0.130068 0.127109 
0.144281 0.138035 0.136158 0.134204 0.130624 0.130389 0.126772 
0.144057 0.138694 0.136129 0.134654 0.131337 0.13023 0.126947 
0.143616 0.138873 0.136668 0.134306 0.131436 0.12971 0.127239 
0.144855 0.13818 0.136642 0.134457 0.13076 0.129728 0.126995 
0.144048 0.13779 0.136786 0.134945 0.130793 0.129798 0.126992 
0.143644 0.138663 0.136746 0.134124 0.131159 0.130032 0.126862 
0.143688 0.138957 0.136952 0.134537 0.131589 0.129711 0.127146 
0.143881 0.138471 0.136435 0.134527 0.131091 0.130189 0.127297 
0.143404 0.138547 0.136431 0.134592 0.130445 0.129918 0.127186 
0.143776 0.138785 0.13646 0.134281 0.131547 0.129838 0.127301 
0.143528 0.13901 0.136416 0.13431 0.131083 0.129559 0.12711 
0.143873 0.138838 0.136528 0.134386 0.130941 0.130277 0.127046 
0.143838 0.139193 0.136417 0.134397 0.131123 0.129617 0.12718 
0.143503 0.138411 0.136798 0.134514 0.131174 0.129675 0.127108 
0.143657 0.138861 0.136317 0.134159 0.131206 0.129886 0.126996 
0.14394 0.138292 0.136177 0.133958 0.130847 0.13034 0.126804 
0.143727 0.138919 0.136813 0.13433 0.131422 0.129919 0.127128 
0.143659 0.138852 0.137066 0.134625 0.131088 0.129977 0.127056 
0.143813 0.138846 0.136097 0.134442 0.13119 0.129828 0.127071 
0.144327 0.138659 0.136714 0.134556 0.131447 0.130366 0.127318 
0.143708 0.139247 0.136397 0.134155 0.131247 0.129782 0.126884 
0.144035 0.138622 0.136477 0.134854 0.131041 0.130017 0.126967 
0.143377 0.139246 0.136873 0.134496 0.131419 0.129855 0.127008 
0.143964 0.13859 0.136435 0.13456 0.131177 0.13021 0.127077 
0.143684 0.138378 0.136353 0.134137 0.130459 0.129562 0.126591 
0.144159 0.138545 0.136183 0.134439 0.131026 0.130179 0.127157 
0.143754 0.13879 0.136726 0.134376 0.13119 0.130206 0.127026 
0.143968 0.13839 0.136142 0.134282 0.131137 0.129984 0.126974 
0.14326 0.139508 0.136587 0.134295 0.131333 0.129763 0.127 
0.143258 0.13864 0.137373 0.135062 0.131436 0.129416 0.12776 
0.143662 0.138529 0.136393 0.134564 0.130334 0.130101 0.127047 
0.143661 0.138909 0.136827 0.134545 0.131273 0.129879 0.126981 
0.143988 0.139071 0.136305 0.134533 0.131319 0.13017 0.126957 
0.144291 0.138285 0.136369 0.134385 0.130875 0.130017 0.126909 
0.14424 0.137979 0.136832 0.135461 0.130545 0.131079 0.126959 
0.143807 0.138551 0.136231 0.13472 0.130545 0.129979 0.126932 
0.144206 0.138573 0.136228 0.134856 0.131001 0.130309 0.127154 
0.143625 0.138846 0.136881 0.134488 0.131307 0.130129 0.126986 
0.143737 0.138956 0.136683 0.134329 0.131276 0.129775 0.127091 
0.143429 0.139095 0.136664 0.134104 0.131364 0.129869 0.126969 
0.143516 0.13901 0.13662 0.134445 0.131261 0.129865 0.127016 
0.144028 0.138042 0.136503 0.13494 0.130745 0.130425 0.127176 
0.143348 0.139119 0.136503 0.134561 0.131083 0.129578 0.12736 
0.143967 0.138763 0.136465 0.134519 0.131239 0.130112 0.127168 
0.143937 0.138587 0.136636 0.134267 0.130804 0.129968 0.126909 
0.143761 0.138922 0.136674 0.134349 0.131497 0.129563 0.127241 
0.143815 0.138987 0.136533 0.134319 0.131267 0.12993 0.127058 
0.143525 0.138904 0.136395 0.134132 0.131248 0.130071 0.127159 
0.144191 0.137973 0.135977 0.135142 0.13039 0.129932 0.127041 
0.14356 0.139489 0.136473 0.13396 0.131295 0.129606 0.126917 
0.143602 0.139138 0.137034 0.134356 0.131082 0.129891 0.126954 
0.143682 0.138511 0.136789 0.134077 0.130931 0.129947 0.126854 
0.144177 0.138248 0.136781 0.134559 0.131061 0.130581 0.12696 
0.144381 0.138213 0.136051 0.134758 0.130644 0.130272 0.127106 
0.144565 0.138232 0.136411 0.134444 0.131115 0.129987 0.127336 
0.143402 0.138976 0.136666 0.134435 0.131283 0.129836 0.127047 
0.144412 0.138338 0.13643 0.134444 0.130929 0.130876 0.12702 
0.143943 0.138743 0.136472 0.134432 0.131031 0.130135 0.12708 
0.14355 0.139151 0.136576 0.134159 0.131092 0.129854 0.127119 
0.144277 0.138198 0.136086 0.134265 0.130885 0.130555 0.127119 
0.144747 0.138112 0.136402 0.134658 0.130324 0.129966 0.127816 
0.144476 0.138065 0.135998 0.1348 0.130816 0.129992 0.126648 
0.14382 0.138874 0.136446 0.134461 0.130976 0.129771 0.127191 
0.143657 0.138314 0.136222 0.134061 0.130878 0.129837 0.126741 
0.144092 0.138284 0.136318 0.134233 0.13068 0.1305 0.1268 
0.143545 0.138898 0.136812 0.134219 0.131284 0.130063 0.126879 
0.143607 0.138875 0.136204 0.134358 0.13103 0.129975 0.12705 
0.143738 0.138646 0.136557 0.13457 0.131187 0.130206 0.12695 
0.144295 0.13856 0.13657 0.134627 0.13102 0.130549 0.127095 
0.143862 0.138419 0.136145 0.134051 0.130956 0.129721 0.127185 
0.143646 0.138763 0.136329 0.134161 0.131162 0.129758 0.127034 
0.143719 0.139068 0.136422 0.134381 0.13116 0.129838 0.127113 
0.144088 0.138757 0.136488 0.134746 0.131009 0.130307 0.127257 
0.143963 0.138414 0.136546 0.134867 0.131008 0.130429 0.127225 
0.144145 0.138377 0.136123 0.134041 0.13092 0.130152 0.127104 
0.143587 0.138224 0.136834 0.13475 0.130802 0.129774 0.126557 
0.144184 0.138318 0.136447 0.134712 0.131414 0.130246 0.127014 
0.143781 0.138965 0.13657 0.134636 0.131265 0.130012 0.127255 
0.143561 0.138862 0.136419 0.134626 0.131168 0.130112 0.127113 
0.143445 0.139211 0.136659 0.134311 0.131783 0.129827 0.127117 
0.143347 0.139015 0.137044 0.134548 0.131446 0.129663 0.12706 
0.143571 0.138943 0.136772 0.134626 0.131503 0.129642 0.127184 
0.144164 0.138485 0.136099 0.134436 0.131115 0.130184 0.127166 
0.143437 0.138143 0.13657 0.134746 0.13128 0.129354 0.126956 
0.143842 0.138711 0.136577 0.134229 0.131261 0.129575 0.126931 
0.143436 0.139075 0.136428 0.134254 0.131419 0.130421 0.126954 
0.143662 0.1389 0.13659 0.134476 0.131119 0.130155 0.127059 
0.144222 0.138214 0.135942 0.134653 0.131027 0.130127 0.126987 
0.143461 0.138485 0.136507 0.13386 0.130602 0.129906 0.126715 
0.143577 0.139134 0.136724 0.13453 0.131641 0.129773 0.126924 
0.14445 0.13802 0.136684 0.135036 0.130699 0.130191 0.127141 
0.14362 0.138939 0.136375 0.134628 0.131176 0.130383 0.127176 
0.144117 0.138567 0.136158 0.134654 0.131048 0.130206 0.127081 
0.144197 0.138432 0.135975 0.134355 0.130733 0.130284 0.127209 
0.143806 0.138624 0.136245 0.134507 0.131228 0.130245 0.127199 
0.143989 0.138873 0.13631 0.134291 0.131132 0.130168 0.127029 
0.143826 0.139039 0.13653 0.134078 0.131487 0.129646 0.127089 
0.143577 0.139274 0.136833 0.134507 0.131287 0.130005 0.127154 
0.144278 0.137901 0.136297 0.134486 0.130757 0.130399 0.126852 
0.143412 0.138356 0.136891 0.134711 0.130196 0.12948 0.126611 
0.143736 0.139055 0.136544 0.134643 0.131318 0.129703 0.127081 
0.143474 0.139383 0.136624 0.134653 0.131486 0.129654 0.127006 
0.14409 0.138331 0.13601 0.133846 0.130712 0.129845 0.127089 
0.143767 0.138824 0.136501 0.134199 0.131089 0.130131 0.127181 
0.144249 0.138575 0.136139 0.134724 0.130984 0.130395 0.127297 
0.143609 0.139031 0.136664 0.134266 0.131412 0.129779 0.127036 
0.144366 0.138322 0.136758 0.134579 0.130629 0.130393 0.126849 
0.143824 0.138881 0.136293 0.134384 0.131127 0.130152 0.127067 
0.144074 0.138791 0.136439 0.134021 0.131264 0.129979 0.127322 
0.143836 0.138737 0.136752 0.134632 0.131046 0.130112 0.127262 
0.143552 0.139158 0.136857 0.13415 0.131603 0.129822 0.127104 
0.143727 0.138931 0.136846 0.134514 0.131259 0.129753 0.126876 
0.143844 0.138366 0.136091 0.134412 0.130912 0.129761 0.127412 
0.1438 0.138877 0.136645 0.134536 0.131217 0.129726 0.127338 
0.143404 0.138852 0.136583 0.13427 0.131398 0.129739 0.12714 
0.144607 0.138166 0.136446 0.134517 0.131176 0.130023 0.127268 
0.143343 0.13894 0.136757 0.134292 0.131052 0.129868 0.127257 
0.143632 0.138916 0.13661 0.134397 0.131129 0.130087 0.127091 
0.14369 0.138677 0.136074 0.134359 0.13096 0.130054 0.127143 
0.143365 0.138792 0.136516 0.134087 0.131374 0.129653 0.127262 
0.143495 0.139306 0.136575 0.134217 0.131297 0.129335 0.126989 
0.143312 0.138935 0.136573 0.134424 0.131246 0.129833 0.12692 
0.14421 0.138444 0.136332 0.134688 0.131105 0.130225 0.126992 
0.143641 0.139104 0.136472 0.134425 0.131074 0.129768 0.12718 
0.143751 0.138729 0.136186 0.134339 0.131214 0.129726 0.127216 
0.14377 0.138996 0.136282 0.13435 0.131272 0.130107 0.127004 
0.143675 0.138853 0.136625 0.134152 0.131465 0.129862 0.127102 
0.143775 0.13871 0.136361 0.134676 0.131078 0.129718 0.126943 
0.14407 0.138426 0.136549 0.134831 0.131414 0.130241 0.127071 
0.144477 0.138685 0.136192 0.134347 0.131176 0.129928 0.127129 
0.143886 0.138994 0.1367 0.134298 0.13106 0.129685 0.126996 
0.14419 0.138414 0.136251 0.134013 0.130964 0.13039 0.126765 
0.143492 0.139172 0.136605 0.134303 0.131407 0.12964 0.127019 
0.143362 0.139106 0.136456 0.134188 0.131309 0.129411 0.126965 
0.144057 0.138231 0.136534 0.134344 0.130738 0.130334 0.126828 
0.143486 0.139093 0.136526 0.134104 0.131271 0.129849 0.127 
0.144136 0.138602 0.136308 0.134518 0.131197 0.130127 0.127232 
0.143616 0.139017 0.136919 0.134323 0.131511 0.129928 0.12707 
0.143756 0.138835 0.136407 0.134587 0.130964 0.129956 0.127135 
0.144 0.138869 0.136307 0.134419 0.131085 0.130259 0.127007 
0.14381 0.138721 0.136439 0.134598 0.131073 0.130519 0.127244 
0.143605 0.138958 0.136863 0.134381 0.13128 0.129927 0.126995 
0.143796 0.138942 0.136601 0.134392 0.131457 0.130043 0.127238 
0.143301 0.1392 0.136619 0.134155 0.13137 0.12986 0.126998 
0.144357 0.138202 0.136905 0.134406 0.131447 0.129863 0.127559 
0.143525 0.138971 0.136253 0.134313 0.130902 0.130145 0.127065 
0.143916 0.138597 0.136442 0.134678 0.131 0.130133 0.127132 
0.143779 0.138643 0.136367 0.134383 0.131051 0.130054 0.127009 
0.143519 0.138946 0.136652 0.134297 0.131384 0.12976 0.127062 
0.143704 0.138767 0.136288 0.134404 0.131071 0.130298 0.127041 
0.144198 0.138276 0.136623 0.135282 0.130581 0.130696 0.126756 
0.14389 0.138698 0.136852 0.134707 0.131189 0.129754 0.127448 
0.144131 0.1389 0.13619 0.134622 0.13109 0.130157 0.127049 
0.143383 0.139071 0.136505 0.134593 0.131204 0.129858 0.126953 
0.144113 0.138736 0.136476 0.134478 0.131158 0.129645 0.127208 
0.143997 0.138667 0.136508 0.134317 0.130805 0.130182 0.127647 
0.143735 0.138931 0.136379 0.134199 0.131275 0.129763 0.127098 
0.143729 0.138901 0.136473 0.134505 0.131144 0.129658 0.126919 
0.143718 0.139083 0.136567 0.134443 0.131257 0.129836 0.127001 
0.143826 0.138829 0.136457 0.134503 0.131112 0.130161 0.127123 
0.143726 0.138954 0.136407 0.134382 0.131198 0.129867 0.127096 
0.143416 0.138702 0.136509 0.134281 0.131229 0.129651 0.127349 
0.143048 0.138806 0.137052 0.134526 0.131444 0.130332 0.127023 
0.143796 0.138873 0.136385 0.134071 0.131034 0.129953 0.126837 
0.143649 0.139132 0.136766 0.134239 0.131508 0.129812 0.127213 
0.143518 0.138635 0.136689 0.134513 0.131098 0.129739 0.127067 
0.14375 0.138997 0.136336 0.134312 0.131034 0.129784 0.127056 
0.144107 0.138687 0.136276 0.134533 0.131124 0.130179 0.127157 
0.144443 0.137881 0.135686 0.13411 0.13059 0.130277 0.12671 
0.144243 0.138769 0.136234 0.134645 0.130882 0.130205 0.127278 
0.144091 0.138739 0.136584 0.134741 0.131258 0.130194 0.127121 
0.143423 0.139018 0.136691 0.134385 0.131537 0.129911 0.127099 
0.144368 0.138298 0.13597 0.134443 0.130972 0.130163 0.127314 
0.143571 0.138986 0.136674 0.134451 0.131364 0.129826 0.127104 
0.143925 0.138601 0.136346 0.134196 0.13084 0.129759 0.126999 
0.143981 0.138231 0.13646 0.134952 0.131034 0.130213 0.127119 
0.144114 0.138775 0.13661 0.134189 0.131024 0.130316 0.127156 
0.14371 0.138605 0.136553 0.133896 0.131106 0.130163 0.127105 
0.143491 0.139115 0.136792 0.134475 0.131479 0.129846 0.12721 
0.143841 0.138226 0.13644 0.134711 0.130699 0.13007 0.127262 
0.144015 0.138396 0.136711 0.134645 0.131049 0.130078 0.127364 
0.143757 0.137972 0.136446 0.134197 0.130471 0.130549 0.127106 
0.144006 0.138079 0.136126 0.134165 0.131009 0.12983 0.127248 
0.144214 0.138871 0.136335 0.134518 0.130959 0.130215 0.127384 
0.144145 0.138317 0.13619 0.134193 0.130691 0.12997 0.126855 
0.14416 0.138401 0.136714 0.134904 0.13129 0.130236 0.127099 
0.144081 0.138078 0.136125 0.13475 0.130393 0.130492 0.126963 
0.144001 0.138504 0.136243 0.134736 0.130942 0.130064 0.127144 
0.144303 0.138417 0.136565 0.135044 0.131008 0.130159 0.127092 
0.143652 0.138793 0.136754 0.134655 0.13089 0.130015 0.126983 
0.144348 0.138523 0.136383 0.134691 0.130951 0.130541 0.127109 
0.143971 0.138744 0.136153 0.134418 0.131055 0.130264 0.127105 
0.143655 0.138991 0.136709 0.134621 0.131318 0.129713 0.127113 
0.143542 0.138833 0.136668 0.134432 0.13081 0.129716 0.127083 
0.143567 0.138976 0.136885 0.134788 0.131122 0.130186 0.127121 
0.14393 0.138685 0.136483 0.134366 0.131282 0.129949 0.12706 
0.143134 0.13923 0.136725 0.134234 0.131387 0.129499 0.127148 
0.14348 0.138994 0.136836 0.134188 0.131262 0.129976 0.126944 
0.143721 0.139029 0.136162 0.134911 0.131377 0.129976 0.127104 
0.143986 0.138871 0.136552 0.134511 0.131383 0.13024 0.127126 
0.143972 0.138367 0.136728 0.134416 0.130894 0.130248 0.127204 
0.143637 0.139219 0.136387 0.134571 0.130947 0.130092 0.12688 
0.143859 0.138547 0.136367 0.134814 0.130887 0.130096 0.126916 
0.144049 0.138813 0.136278 0.13491 0.131334 0.130122 0.12697 
0.143662 0.138637 0.13645 0.134498 0.131108 0.130153 0.127054 
0.143878 0.138816 0.136417 0.134515 0.131269 0.130126 0.127073 
0.144496 0.138274 0.136538 0.134218 0.130874 0.130046 0.126964 
0.14337 0.138777 0.136589 0.134308 0.131198 0.129637 0.127131 
0.143918 0.138659 0.136487 0.134454 0.130551 0.129901 0.127203 
0.143581 0.139207 0.136777 0.134349 0.131287 0.130163 0.127122 
0.143419 0.139389 0.136536 0.134368 0.131268 0.129991 0.127201 
0.143687 0.138847 0.136693 0.13467 0.131184 0.129703 0.127247 
0.144375 0.138519 0.136601 0.134532 0.131047 0.13048 0.127063 
0.144048 0.138399 0.13594 0.134676 0.130853 0.130432 0.127111 
0.143737 0.138863 0.136658 0.134404 0.131342 0.129864 0.127006 
0.143675 0.139097 0.136292 0.134149 0.131027 0.129506 0.126906 
0.144255 0.138378 0.136089 0.134191 0.130939 0.129973 0.127199 
0.143547 0.138933 0.136753 0.134397 0.131501 0.129878 0.127035 
0.1442 0.138513 0.136409 0.134065 0.130945 0.1302 0.127188 
0.144122 0.138322 0.136376 0.134463 0.13077 0.130597 0.126821 
0.143511 0.139155 0.13671 0.134262 0.131067 0.129905 0.127159 
0.14323 0.139189 0.136909 0.134424 0.131617 0.129903 0.127191 
0.143818 0.138756 0.136232 0.134582 0.131148 0.130008 0.127022 
0.143796 0.138742 0.136864 0.134502 0.131074 0.129722 0.127102 
0.144048 0.138724 0.136521 0.13473 0.131195 0.129997 0.127007 
0.144172 0.138443 0.136311 0.134881 0.130946 0.130257 0.127306 
0.143625 0.138885 0.13624 0.134425 0.130995 0.130251 0.127036 
0.144204 0.138419 0.13654 0.134806 0.130901 0.130522 0.127158 
0.143823 0.138729 0.136167 0.134223 0.130947 0.130193 0.126883 
0.143967 0.138567 0.136292 0.134829 0.130985 0.130265 0.127177 
0.143901 0.13882 0.13646 0.134607 0.131358 0.130282 0.12713 
0.143788 0.138764 0.13639 0.134783 0.131042 0.130168 0.12707 
0.143912 0.139087 0.136381 0.134121 0.131244 0.129822 0.126929 
0.143617 0.138924 0.136747 0.13425 0.131313 0.12997 0.126939 
0.143638 0.13897 0.13664 0.134231 0.131344 0.129947 0.127111 
0.143672 0.139 0.136491 0.134615 0.131102 0.129756 0.126996 
0.14371 0.13848 0.136405 0.134725 0.131052 0.130521 0.127089 
0.143834 0.138629 0.136201 0.133907 0.130605 0.129809 0.126924 
0.143546 0.138936 0.136672 0.134247 0.131298 0.13 0.127189 
0.143493 0.139099 0.136641 0.134407 0.131451 0.129911 0.126989 
0.143439 0.139138 0.136932 0.134213 0.131557 0.129889 0.127121 
0.144141 0.138264 0.136751 0.134831 0.131259 0.129855 0.127223 
0.143671 0.139074 0.136526 0.134211 0.131083 0.129644 0.127005 
0.143692 0.139194 0.136517 0.134275 0.13143 0.12989 0.127065 
0.144005 0.138635 0.136477 0.134397 0.131407 0.12995 0.126984 
0.144165 0.138513 0.136369 0.134466 0.131121 0.13026 0.127253 
0.144026 0.138559 0.136618 0.134275 0.130799 0.130324 0.126997 
0.143806 0.138894 0.136619 0.134555 0.131024 0.130109 0.127056 
0.144058 0.138859 0.136478 0.134465 0.131031 0.130152 0.127152 
0.143762 0.138936 0.136485 0.134297 0.131115 0.13009 0.127082 
0.143392 0.139074 0.136781 0.134071 0.131352 0.129899 0.127251 
0.143674 0.138648 0.136229 0.134472 0.131236 0.129789 0.127101 
0.14383 0.13892 0.136131 0.134527 0.130912 0.129999 0.127198 
0.143667 0.139075 0.136617 0.13451 0.13124 0.129845 0.127136 
0.143722 0.13896 0.136373 0.134461 0.131107 0.130185 0.127051 
0.144314 0.139002 0.136502 0.134623 0.131778 0.130558 0.127566 
0.144002 0.138611 0.136265 0.134432 0.13095 0.129837 0.127107 
0.143738 0.139092 0.136215 0.134463 0.131251 0.130012 0.127219 
0.14373 0.138991 0.136565 0.134605 0.131332 0.129988 0.12722 
0.144034 0.138423 0.136335 0.13452 0.130887 0.130278 0.127037 
0.143408 0.138761 0.136603 0.134037 0.131364 0.129899 0.127229 
0.143444 0.138992 0.136666 0.134279 0.131293 0.129718 0.127121 
0.143576 0.139234 0.136609 0.134286 0.131356 0.129653 0.127408 
0.143907 0.138682 0.136274 0.134818 0.131119 0.130184 0.12724 
0.144276 0.138032 0.136093 0.135037 0.13068 0.130522 0.127069 
0.143948 0.138309 0.135873 0.134427 0.130876 0.130045 0.127065 
0.144111 0.1387 0.136428 0.13463 0.131354 0.130254 0.127233 
0.143231 0.13909 0.136863 0.134354 0.131448 0.129825 0.126982 
0.1439 0.138708 0.136459 0.134414 0.131166 0.129882 0.126982 
0.143383 0.139073 0.136635 0.134107 0.131312 0.129677 0.12724 
0.143357 0.138995 0.136511 0.134191 0.131414 0.129522 0.127203 
0.144627 0.138004 0.136231 0.135078 0.131113 0.130631 0.127086 
0.143638 0.138854 0.136672 0.134474 0.131116 0.130219 0.127073 
0.143478 0.139267 0.136427 0.134076 0.131535 0.129526 0.127087 
0.143212 0.138722 0.136907 0.134266 0.131348 0.129709 0.127223 
0.144182 0.138233 0.136112 0.134249 0.130963 0.130164 0.127016 
0.143647 0.138518 0.136539 0.134879 0.130712 0.129899 0.127298 
0.143672 0.138637 0.136604 0.134344 0.130873 0.129892 0.127139 
0.143577 0.138901 0.136795 0.134238 0.131239 0.130018 0.127079 
0.144066 0.138354 0.136447 0.13457 0.131136 0.130183 0.127307 
0.143488 0.139169 0.1367 0.13433 0.131122 0.129879 0.127136 
0.144654 0.138163 0.136238 0.134169 0.131355 0.130885 0.127457 
0.14373 0.138944 0.13694 0.134447 0.131577 0.13004 0.127111 
0.143148 0.139256 0.136603 0.134191 0.131304 0.129707 0.126968 
0.143435 0.1388 0.136488 0.134723 0.130656 0.129861 0.126976 
0.143958 0.138203 0.13638 0.134818 0.130364 0.130492 0.127179 
